0.2	0.35949019304448915
0.20500000000000002	0.371010382889833
0.21000000000000002	0.37961444936586564
0.21500000000000002	0.3860176517024201
0.22	0.39073115676935677
0.225	0.3941306446709748
0.23	0.39649823393712424
0.23500000000000001	0.3980494330739313
0.24000000000000002	0.39895116518267926
0.245	0.3993342097673559
0.25	0.3993020154504753
0.255	0.3989370773731681
0.26	0.3983056363980163
0.265	0.39746119558782445
0.27	0.3964471869753711
0.275	0.39529901764188885
0.28	0.39404565576771566
0.28500000000000003	0.39271087134534877
0.29000000000000004	0.3913142146934119
0.29500000000000004	0.3898717938654055
0.30000000000000004	0.3883968963979898
0.305	0.3869004895752734
0.31	0.3853916251672001
0.315	0.38387776853630734
0.32	0.3823650674857028
0.325	0.380858572817176
0.33	0.37936241998309295
0.335	0.37787997923620925
0.34	0.37641398015449073
0.345	0.37496661523180524
0.35	0.3735396262979259
0.355	0.3721343768018278
0.36	0.3707519124152757
0.365	0.3693930119549119
0.37	0.3680582302544301
0.375	0.3667479343240977
0.38	0.3654623338975532
0.385	0.364201507273626
0.39	0.3629654232047216
0.395	0.3617539594558407
0.4	0.3605669185539508
0.405	0.35940404116166785
0.41000000000000003	0.3582650174385514
0.41500000000000004	0.3571494966948876
0.42000000000000004	0.35605709559439735
0.42500000000000004	0.3549874051220381
0.43000000000000005	0.3539399964995005
0.43500000000000005	0.35291442620294416
0.44	0.35191024021401907
0.445	0.35092697761548897
0.45	0.34996417362616783
0.455	0.34902136215587837
0.46	0.34809807794931497
0.465	0.3471938583776764
0.47000000000000003	0.34630824492843837
0.47500000000000003	0.3454407844364244
0.48000000000000004	0.3445910300931831
0.48500000000000004	0.3437585422664546
0.49	0.34294288915703186
0.495	0.34214364731650604
0.5	0.3413604020461101
0.505	0.3405927476940743
0.51	0.339840287866496
0.515	0.33910263556466214
0.52	0.3383794132599771
0.525	0.3376702529161241
0.53	0.3369747959667581
0.535	0.3362926932558977
0.54	0.33562360494718957
0.545	0.33496720040737715
0.55	0.33432315806856155
0.5549999999999999	0.3336911652732143
0.56	0.33307091810534345
0.565	0.33246212121073765
0.5700000000000001	0.33186448760880466
0.575	0.33127773849815484
0.5800000000000001	0.33070160305777574
0.585	0.3301358182453641
0.5900000000000001	0.3295801285941631
0.595	0.32903428600943246
0.6000000000000001	0.32849804956551565
0.605	0.32797118530431
0.6100000000000001	0.3274534660358152
0.615	0.3269446711413219
0.62	0.32644458637969764
0.625	0.3259530036971504
0.63	0.32546972104077054
0.635	0.32499454217608587
0.64	0.3245272765088176
0.645	0.3240677389109669
0.65	0.3236157495513336
0.655	0.32317113373052214
0.66	0.32273372172046605
0.665	0.32230334860847926
0.67	0.3218798541458162
0.675	0.3214630826007056
0.6799999999999999	0.3210528826158135
0.685	0.3206491070700664
0.69	0.32025161294477156
0.6950000000000001	0.31986026119395017
0.7	0.3194749166187921
0.7050000000000001	0.31909544774615023
0.71	0.3187217267109674
0.7150000000000001	0.3183536291425447
0.72	0.3179910340545462
0.7250000000000001	0.31763382373863736
0.73	0.317281883661653
0.7350000000000001	0.3169351023661964
0.74	0.31659337137456034
0.7450000000000001	0.3162565850958713
0.75	0.3159246407363557
0.7550000000000001	0.3155974382126286
0.76	0.3152748800679055
0.7650000000000001	0.31495687139104644
0.77	0.3146433197383281
0.7750000000000001	0.3143341350578681
0.78	0.31402922961659485
0.7849999999999999	0.3137285179296878
0.79	0.3134319166923999
0.7949999999999999	0.3131393447141791
0.8	0.3128507228550098
0.8049999999999999	0.3125659739638931
0.81	0.312285022819403
0.815	0.31200779607222406
0.8200000000000001	0.31173422218962604
0.825	0.31146423140178603
0.8300000000000001	0.31119775564990243
0.835	0.3109347285360388
0.8400000000000001	0.3106750852746289
0.845	0.3104187626455883
0.8500000000000001	0.31016569894897755
0.855	0.3099158339611591
0.8600000000000001	0.3096691088923864
0.865	0.3094254663457938
0.8700000000000001	0.30918485027771964
0.875	0.30894720595932096
0.8800000000000001	0.3087124799394381
0.885	0.3084806200086567
0.8900000000000001	0.30825157516453133
0.895	0.30802529557792857
0.9000000000000001	0.3078017325604463
0.905	0.30758083853287405
0.9099999999999999	0.30736256699465825
0.915	0.30714687249433614
0.9199999999999999	0.30693371060090213
0.925	0.3067230378760768
0.9299999999999999	0.3065148118474523
0.935	0.3063089909824642
0.94	0.3061055346631889
0.9450000000000001	0.30590440316191503
0.95	0.30570555761747054
0.9550000000000001	0.30550896001228356
0.96	0.30531457315014393
0.9650000000000001	0.30512236063464765
0.97	0.30493228684829465
0.9750000000000001	0.3047443169322241
0.98	0.30455841676656387
0.9850000000000001	0.30437455295136373
0.99	0.3041926927881141
0.9950000000000001	0.30401280426180444
1.	0.3038348560235246
1.0050000000000001	0.30365881737357975
1.01	0.3034846582450988
1.0150000000000001	0.3033123491881365
1.02	0.30314186135423266
1.0250000000000001	0.3029731664814252
1.03	0.30280623687969976
1.035	0.3026410454168628
1.04	0.3024775655048153
1.045	0.3023157710862298
1.05	0.3021556366216076
1.055	0.3019971370766984
1.06	0.30184024791028485
1.065	0.30168494506231164
1.07	0.30153120494234387
1.075	0.3013790044183596
1.08	0.30122832080584555
1.085	0.30107913185720503
1.09	0.30093141575145205
1.095	0.30078515108420145
1.1	0.30064031685791853
1.105	0.3004968924724558
1.11	0.3003548577158322
1.115	0.3002141927552709
1.12	0.30007487812848077
1.125	0.2999368947351684
1.1300000000000001	0.2998002238287834
1.135	0.2996648470084837
1.1400000000000001	0.2995307462113142
1.145	0.2993979037045946
1.1500000000000001	0.29926630207850724
1.155	0.2991359242388845
1.16	0.29900675340018223
1.165	0.29887877307863703
1.17	0.2987519670856033
1.175	0.29862631952106805
1.18	0.2985018147673237
1.185	0.2983784374828134
1.19	0.298256172596129
1.195	0.2981350053001657
1.2	0.298014921046423
1.205	0.29789590553945283
1.21	0.29777794473144975
1.215	0.2976610248169716
1.22	0.29754513222779944
1.2249999999999999	0.2974302536279208
1.23	0.2973163759086418
1.2349999999999999	0.2972034861838237
1.24	0.2970915717852228
1.2449999999999999	0.2969806202579636
1.25	0.2968706193561176
1.255	0.2967615570383763
1.26	0.29665342146385504
1.265	0.29654620098797463
1.27	0.29643988415845607
1.275	0.29633445971141786
1.28	0.29622991656753944
1.285	0.2961262438283544
1.29	0.2960234307726018
1.295	0.29592146685268017
1.3	0.2958203416911776
1.305	0.29572004507749206
1.31	0.2956205669645171
1.315	0.2955218974654247
1.32	0.29542402685050784
1.325	0.29532694554409844
1.33	0.29523064412156597
1.335	0.29513511330637815
1.34	0.29504034396722145
1.345	0.29494632711521074
1.35	0.29485305390114086
1.355	0.2947605156128046
1.3599999999999999	0.2946687036723849
1.365	0.2945776096338911
1.3699999999999999	0.29448722518065756
1.375	0.2943975421229015
1.38	0.2943085523953353
1.385	0.2942202480548269
1.39	0.29413262127811574
1.395	0.29404566435958185
1.4	0.29395936970905745
1.405	0.293873729849698
1.41	0.2937887374158777
1.415	0.2937043851511659
1.42	0.29362066590631375
1.425	0.29353757263729896
1.43	0.29345509840341755
1.435	0.29337323636541585
1.44	0.2932919797836412
1.445	0.29321132201626443
1.45	0.2931312565175232
1.455	0.29305177683599837
1.46	0.2929728766129373
1.465	0.292894549580615
1.47	0.29281678956070595
1.475	0.2927395904627283
1.48	0.2926629462824837
1.4849999999999999	0.2925868511005486
1.49	0.2925112990808119
1.4949999999999999	0.2924362844689921
1.5	0.29236180159124825
1.505	0.2922878448527753
1.51	0.29221440873644505
1.515	0.2921414878014675
1.52	0.2920690766820929
1.525	0.2919971700863268
1.53	0.2919257627946748
1.535	0.29185484965891334
1.54	0.29178442560089035
1.545	0.29171448561133617
1.55	0.29164502474871845
1.555	0.2915760381380983
1.56	0.29150752097003046
1.565	0.29143946849946106
1.57	0.29137187604467024
1.575	0.2913047389862231
1.58	0.29123805276594494
1.585	0.29117181288590865
1.59	0.2911060149074634
1.595	0.2910406544502487
1.6	0.29097572719126463
1.605	0.2909112288639298
1.6099999999999999	0.29084715525717075
1.615	0.2907835022145343
1.6199999999999999	0.29072026563330366
1.625	0.2906574414636396
1.63	0.2905950257077404
1.635	0.29053301441900375
1.64	0.2904714037012284
1.645	0.29041018970780363
1.65	0.29034936864093974
1.655	0.29028893675088246
1.66	0.2902288903351831
1.665	0.2901692257379373
1.67	0.290109939349081
1.675	0.2900510276036557
1.68	0.289992486981133
1.685	0.2899343140047119
1.69	0.2898765052406425
1.695	0.28981905729759266
1.7	0.2897619668259617
1.705	0.289705230517271
1.71	0.28964884510352484
1.715	0.2895928073566076
1.72	0.28953711408766625
1.725	0.2894817621465288
1.73	0.2894267484211135
1.735	0.2893720698368771
1.74	0.2893177233562239
1.7449999999999999	0.2892637059779857
1.75	0.2892100147368558
1.755	0.28915664670287383
1.76	0.28910359898089005
1.765	0.28905086871006475
1.77	0.2889984530633616
1.775	0.2889463492470439
1.78	0.28889455450019486
1.785	0.28884306609423893
1.79	0.2887918813324719
1.795	0.2887409975495996
1.8	0.2886904121112798
1.805	0.28864012241367853
1.81	0.2885901258830365
1.815	0.28854041997523794
1.82	0.2884910021753661
1.825	0.28844186999732896
1.83	0.2883930209834101
1.835	0.2883444527038837
1.84	0.2882961627566205
1.845	0.2882481487666929
1.85	0.28820040838599625
1.855	0.2881529392928712
1.86	0.28810573919174254
1.865	0.2880588058127369
1.8699999999999999	0.28801213691134486
1.875	0.2879657302680564
1.88	0.2879195836880189
1.885	0.28787369500070553
1.89	0.28782806205956807
1.895	0.2877826827417156
1.9	0.2877375549475842
1.905	0.28769267660062875
1.91	0.28764804564700125
1.915	0.2876036600552446
1.92	0.2875595178159975
1.925	0.28751561694167976
1.93	0.2874719554662164
1.935	0.28742853144473346
1.94	0.2873853429532944
1.945	0.28734238808859097
1.95	0.2872996649676985
1.955	0.2872571717277857
1.96	0.28721490652585485
1.965	0.28717286753847665
1.97	0.2871310529615423
1.975	0.2870894610099946
1.98	0.28704808991759334
1.985	0.2870069379366402
1.99	0.2869660033377853
1.9949999999999999	0.28692528440974263
2.	0.28688477945908175