0.2	0.4179092058929857
0.20500000000000002	0.42905007985286897
0.21000000000000002	0.437653088479148
0.21500000000000002	0.4443180382309423
0.22	0.44948192305262985
0.225	0.45347037869825274
0.23	0.4565304208158214
0.23500000000000001	0.4588521482121838
0.24000000000000002	0.46058360891182815
0.245	0.46184125716698027
0.25	0.4627174726321588
0.255	0.4632860679519867
0.26	0.4636063869727535
0.265	0.46372639594660553
0.27	0.463685042940869
0.275	0.46351407754708684
0.28	0.4632394673637577
0.28500000000000003	0.4628825097336197
0.29000000000000004	0.4624607107887462
0.29500000000000004	0.4619884851752016
0.30000000000000004	0.461477716431411
0.305	0.4609382082609217
0.31	0.46037804978554225
0.315	0.4598039125495025
0.32	0.4592212930579817
0.325	0.45863471161561564
0.33	0.4580478759279328
0.335	0.4574638161583674
0.34	0.4568849967629501
0.345	0.4563134093568163
0.35	0.4557506500294634
0.355	0.4551979838656626
0.36	0.4546563989058351
0.365	0.4541266513630774
0.37	0.453609303580643
0.375	0.4531047559457464
0.38	0.45261327375933247
0.385	0.45213500988625016
0.39	0.4516700238678155
0.395	0.45121829806247743
0.4	0.4507797512851158
0.405	0.4503542503373054
0.41000000000000003	0.44994161975646674
0.41500000000000004	0.4495416500585995
0.42000000000000004	0.44915410470520356
0.42500000000000004	0.44877872598836394
0.43000000000000005	0.4484152399974854
0.43500000000000005	0.4480633608056954
0.44	0.4477227939926537
0.445	0.4473932396026452
0.45	0.4470743946218374
0.455	0.4467659550459636
0.46	0.4464676175990474
0.465	0.44617908115478583
0.47000000000000003	0.44590004790460874
0.47500000000000003	0.4456302243099703
0.48000000000000004	0.44536932187096484
0.48500000000000004	0.4451170577386931
0.49	0.444873155194851
0.495	0.44463734401863203
0.5	0.4444093607581496
0.505	0.4441889489211262
0.51	0.44397585909748527
0.515	0.4437698490246821
0.52	0.44357068360505625
0.525	0.44337813488317257
0.53	0.44319198198996784
0.535	0.4430120110595475
0.54	0.44283801512363846
0.545	0.4426697939879708
0.55	0.4425071540942518
0.5549999999999999	0.44234990837084653
0.56	0.442197876074829
0.565	0.4420508826276613
0.5700000000000001	0.4419087594464208
0.575	0.4417713437721985
0.5800000000000001	0.44163847849703924
0.585	0.44151001199057166
0.5900000000000001	0.4413857979272909
0.595	0.4412656951152938
0.6000000000000001	0.4411495673271255
0.605	0.4410372831332794
0.6100000000000001	0.4409287157387841
0.615	0.4408237428232328
0.62	0.44072224638452023
0.625	0.4406241125865012
0.63	0.4405292316107252
0.635	0.44043749751235106
0.64	0.44034880808030985
0.645	0.4402630647017506
0.65	0.44018017223077277
0.655	0.44010003886143034
0.66	0.440022576004964
0.665	0.4399476981712129
0.67	0.4398753228541346
0.675	0.43980537042135714
0.6799999999999999	0.4397377640076728
0.685	0.4396724294123848
0.69	0.4396092950004024
0.6950000000000001	0.4395482916069869
0.7	0.4394893524460361
0.7050000000000001	0.4394324130218108
0.71	0.43937741104398315
0.7150000000000001	0.4393242863459077
0.72	0.43927298080600474
0.7250000000000001	0.4392234382721504
0.73	0.4391756044889656
0.7350000000000001	0.43912942702790386
0.74	0.43908485522003593
0.7450000000000001	0.4390418400914317
0.75	0.43900033430104146
0.7550000000000001	0.43896029208098636
0.76	0.43892166917916087
0.7650000000000001	0.4388844228040652
0.77	0.4388485115717759
0.7750000000000001	0.4388138954549744
0.78	0.43878053573395065
0.7849999999999999	0.4387483949495094
0.79	0.4387174368576959
0.7949999999999999	0.4386876263862768
0.8	0.4386589295929012
0.8049999999999999	0.4386313136248753
0.81	0.4386047466804901
0.815	0.4385791979718329
0.8200000000000001	0.43855463768903286
0.825	0.4385310369658691
0.8300000000000001	0.4385083678467029
0.835	0.4384866032546669
0.8400000000000001	0.4384657169610665
0.845	0.4384456835559473
0.8500000000000001	0.4384264784197741
0.855	0.4384080776961863
0.8600000000000001	0.43839045826577466
0.865	0.438373597720852
0.8700000000000001	0.43835747434116323
0.875	0.43834206707051054
0.8800000000000001	0.4383273554942509
0.885	0.4383133198176227
0.8900000000000001	0.43829994084488944
0.895	0.4382871999592442
0.9000000000000001	0.4382750791034618
0.905	0.4382635607612597
0.9099999999999999	0.43825262793934544
0.915	0.43824226415011536
0.9199999999999999	0.4382324533949895
0.925	0.43822318014834793
0.9299999999999999	0.4382144293420526
0.935	0.4382061863505201
0.94	0.43819843697634486
0.9450000000000001	0.43819116743642544
0.95	0.43818436434859304
0.9550000000000001	0.4381780147187159
0.96	0.43817210592826256
0.9650000000000001	0.4381666257223011
0.97	0.43816156219792907
0.9750000000000001	0.43815690379310385
0.98	0.4381526392758686
0.9850000000000001	0.4381487577339534
0.99	0.43814524856473647
0.9950000000000001	0.43814210146556015
1.	0.4381393064243735