0.2	0.2031862621326155
0.20500000000000002	0.2088204199722548
0.21000000000000002	0.2131752818966893
0.21500000000000002	0.216554206476895
0.22	0.21917767937212718
0.225	0.22120971889053143
0.23	0.22277459009057757
0.23500000000000001	0.2239678411505883
0.24000000000000002	0.22486383939379154
0.245	0.22552105912558298
0.25	0.2259858763315078
0.255	0.22629534372205018
0.26	0.22647925295201596
0.265	0.22656168845511201
0.27	0.22656221239998192
0.275	0.22649677794754242
0.28	0.226378439734018
0.28500000000000003	0.22621791124375348
0.29000000000000004	0.22602400536294015
0.29500000000000004	0.22580398496706472
0.30000000000000004	0.22556384363546442
0.305	0.22530853168152135
0.31	0.22504213908549037
0.315	0.2247680442438042
0.32	0.22448903544507962
0.325	0.22420741046772963
0.33	0.22392505853856456
0.335	0.223643528003888
0.34	0.22336408237754588
0.345	0.22308774689525246
0.35	0.2228153472851676
0.355	0.22254754213420277
0.36	0.22228484996767847
0.365	0.22202767195144738
0.37	0.22177631095878547
0.375	0.2215309876103065
0.38	0.22129185378699856
0.385	0.2210590040288477
0.39	0.22083248516027337
0.395	0.22061230442544985
0.4	0.22039843636899012
0.405	0.22019082865836406
0.41000000000000003	0.21998940701221203
0.41500000000000004	0.2197940793720939
0.42000000000000004	0.21960473943316647
0.42500000000000004	0.21942126963095862
0.43000000000000005	0.2192435436661615
0.43500000000000005	0.21907142863661389
0.44	0.21890478683501027
0.445	0.2187434772619254
0.45	0.21858735689624056
0.455	0.2184362817587424
0.46	0.2182901077993304
0.465	0.21814869163376724
0.47000000000000003	0.21801189115209663
0.47500000000000003	0.21787956601761543
0.48000000000000004	0.21775157807254916
0.48500000000000004	0.21762779166424065
0.49	0.21750807390367738
0.495	0.21739229486648803
0.5	0.21728032774508962
0.505	0.21717204895943326
0.51	0.21706733823273452
0.515	0.21696607863767095
0.52	0.21686815661774841
0.525	0.21677346198787448
0.53	0.21668188791760074
0.535	0.2165933309000035
0.54	0.21650769070875223
0.545	0.21642487034554356
0.55	0.21634477597977114
0.5549999999999999	0.216267316882027
0.56	0.21619240535279796
0.565	0.21611995664751946
0.5700000000000001	0.21604988889897542
0.575	0.21598212303788306
0.5800000000000001	0.21591658271237457
0.585	0.21585319420697216
0.5900000000000001	0.2157918863615619
0.595	0.21573259049078522
0.6000000000000001	0.21567524030419774
0.605	0.2156197718274856
0.6100000000000001	0.2155661233249705
0.615	0.2155142352235985
0.62	0.21546405003856048
0.625	0.21541551230066258
0.63	0.21536856848553912
0.635	0.2153231669447708
0.64	0.21527925783895327
0.645	0.21523679307274396
0.65	0.2151957262318999
0.655	0.21515601252230615
0.66	0.21511760871098337
0.665	0.2150804730690574
0.67	0.21504456531666316
0.675	0.2150098465697506
0.6799999999999999	0.21497627928875607
0.685	0.21494382722909913
0.69	0.21491245539345896
0.6950000000000001	0.21488212998578743
0.7	0.21485281836700698
0.7050000000000001	0.2148244890123494
0.71	0.21479711147028244
0.7150000000000001	0.21477065632297515
0.72	0.21474509514825327
0.7250000000000001	0.2147204004829958
0.73	0.21469654578791952
0.7350000000000001	0.21467350541370817
0.74	0.21465125456843612
0.7450000000000001	0.21462976928623986
0.75	0.2146090263971927
0.7550000000000001	0.21458900349833746
0.76	0.21456967892583356
0.7650000000000001	0.21455103172817772
0.77	0.21453304164045664
0.7750000000000001	0.21451568905959095
0.78	0.2144989550205333
0.7849999999999999	0.2144828211733847
0.79	0.21446726976139002
0.7949999999999999	0.2144522835997808
0.8	0.21443784605543179
0.8049999999999999	0.2144239410272962
0.81	0.21441055292759414
0.815	0.21439766666371743
0.8200000000000001	0.21438526762083
0.825	0.2143733416451277
0.8300000000000001	0.21436187502773954
0.835	0.21435085448923835
0.8400000000000001	0.21434026716473875
0.845	0.21433010058956087
0.8500000000000001	0.21432034268543312
0.855	0.214310981747217
0.8600000000000001	0.21430200643012753
0.865	0.2142934057374366
0.8700000000000001	0.21428516900863218
0.875	0.2142772859080214
0.8800000000000001	0.21426974641375818
0.885	0.21426254080727325
0.8900000000000001	0.2142556596631013
0.895	0.21424909383907778
0.9000000000000001	0.21424283446689962
0.905	0.21423687294302982
0.9099999999999999	0.21423120091993667
0.915	0.2142258102976493
0.9199999999999999	0.214220693215623
0.925	0.21421584204489685
0.9299999999999999	0.21421124938053682
0.935	0.2142069080343465
0.94	0.21420281102784597
0.9450000000000001	0.2141989515854959
0.95	0.2141953231281658
0.9550000000000001	0.21419191926683437
0.96	0.21418873379651318
0.9650000000000001	0.21418576069038267
0.97	0.21418299409413835
0.9750000000000001	0.2141804283205319
0.98	0.2141780578441053
0.9850000000000001	0.21417587729610688
0.99	0.21417388145958471
0.9950000000000001	0.2141720652646512
1.	0.21417042378390813