0.2	0.3858655487589288
0.20500000000000002	0.3972265108020514
0.21000000000000002	0.4057943688618968
0.21500000000000002	0.4122431872391687
0.22	0.4170588113575789
0.225	0.42060051753972943
0.23	0.4231393407398009
0.23500000000000001	0.42488303762678087
0.24000000000000002	0.4259929515442825
0.245	0.4265957473254772
0.25	0.4267917765135693
0.255	0.4266611622291713
0.26	0.42626830167771007
0.265	0.4256652470377098
0.27	0.42489427665988133
0.275	0.4239898724194211
0.28	0.42298025543841217
0.28500000000000003	0.4218885893278303
0.29000000000000004	0.42073393037696216
0.29500000000000004	0.41953198325166396
0.3	0.4182957058877714
0.305	0.4170357965155308
0.31	0.41576108788485827
0.315	0.4144788679408738
0.32	0.4131951418484043
0.325	0.4119148469814842
0.33	0.41064202999586685
0.335	0.4093799931865717
0.34	0.408131415852214
0.34500000000000003	0.40689845523643664
0.35	0.40568283071549044
0.355	0.40448589419139164
0.36	0.40330868908829226
0.365	0.4021519999026373
0.37	0.4010163939001977
0.375	0.39990225626590864
0.38	0.3988098197807751
0.385	0.39773918991244267
0.39	0.3966903660534434
0.395	0.395663259516577
0.4	0.3946577087949036
0.405	0.3936734925100092
0.41000000000000003	0.39271034040313996
0.41500000000000004	0.3917679426666812
0.42	0.3908459578661251
0.425	0.3899440196633025
0.43	0.38906174251885356
0.435	0.3881987265244998
0.44	0.387354561492725
0.445	0.3865288304121985
0.45	0.38572111236106815
0.455	0.38493098495658146
0.46	0.3841580264079516
0.465	0.3834018172296152
0.47	0.3826619416637564
0.475	0.3819379888539269
0.48	0.38122955380562007
0.485	0.38053623816455606
0.49	0.37985765083908724
0.495	0.3791934084894211
0.5	0.37854313590317085
0.505	0.37790646627402996
0.51	0.37728304139802665
0.515	0.3766725117998026
0.52	0.37607453679964875
0.525	0.3754887845305337
0.53	0.37491493191309155
0.535	0.37435266459542615
0.54	0.37380167686364624
0.545	0.37326167152822026
0.55	0.3727323597905258
0.555	0.3722134610933682
0.56	0.3717047029586999
0.5650000000000001	0.371205820815319
0.5700000000000001	0.3707165578189252
0.5750000000000001	0.37023666466657623
0.5800000000000001	0.369765899407272
0.5850000000000001	0.3693040272501553
0.5900000000000001	0.3688508203715819
0.5950000000000001	0.3684060577221218
0.6000000000000001	0.36796952483438916
0.6050000000000001	0.367541013632448
0.6100000000000001	0.36712032224342095
0.6150000000000001	0.3667072548118153
0.62	0.3663016213169865
0.625	0.36590323739408465
0.63	0.3655119241587524
0.635	0.36512750803578536
0.64	0.36474982059191446
0.645	0.36437869837282905
0.65	0.36401398274451463
0.655	0.36365551973895077
0.66	0.3633031599041906
0.665	0.36295675815880907
0.67	0.3626161736507075
0.675	0.3622812696202177
0.6799999999999999	0.36195191326746173
0.6849999999999999	0.3616279756238969
0.69	0.36130933142797134
0.695	0.36099585900480413
0.7	0.36068744014980714
0.705	0.36038396001614775
0.71	0.3600853070059616
0.715	0.359791372665211
0.72	0.35950205158209714
0.725	0.35921724128890903
0.73	0.35893684216722177
0.735	0.3586607573563406
0.74	0.3583888926648747
0.745	0.3581211564853644
0.75	0.35785745971184396
0.755	0.3575977156602553
0.76	0.35734183999160607
0.765	0.3570897506377954
0.77	0.35684136772999825
0.775	0.3565966135295342
0.78	0.3563554123611273
0.785	0.3561176905484739
0.79	0.35588337635204
0.7949999999999999	0.35565239990900477
0.7999999999999999	0.3554246931752782
0.8049999999999999	0.3552001898695137
0.8099999999999999	0.3549788254190491
0.815	0.3547605369077044
0.82	0.3545452630253643
0.825	0.3543329440192922
0.83	0.354123521647098
0.835	0.35391693913131617
0.84	0.3537131411155196
0.845	0.3535120736219262
0.8500000000000001	0.3533136840104318
0.8550000000000001	0.353117920939032
0.8600000000000001	0.35292473432556637
0.8650000000000001	0.3527340753107515
0.8700000000000001	0.3525458962224442
0.8750000000000001	0.3523601505410965
0.8800000000000001	0.3521767928663606
0.8850000000000001	0.3519957788847956
0.8900000000000001	0.35181706533864104
0.8950000000000001	0.3516406099956187
0.9000000000000001	0.3514663716197219
0.905	0.35129430994296035
0.91	0.3511243856380246
0.915	0.35095656029183947
0.92	0.35079079637996385
0.925	0.3506270572418285
0.93	0.350465307056759
0.935	0.3503055108207639
0.9400000000000001	0.35014763432407336
0.9450000000000001	0.349991644129378
0.9500000000000001	0.34983750755076404
0.9550000000000001	0.34968519263331294
0.96	0.349534668133333
0.965	0.3493859034992188
0.97	0.3492388688529011
0.975	0.3490935349718758
0.98	0.34894987327178595
0.985	0.34880785578953954
0.99	0.34866745516695175
0.995	0.34852864463487643
1.	0.34839139799783386
1.005	0.3482556896190896
1.01	0.3481214944061992
1.0150000000000001	0.3479887877969755
1.02	0.3478575457458853
1.0250000000000001	0.34772774471084755
1.03	0.34759936164042493
1.0350000000000001	0.347472373961396
1.04	0.34734675956669303
1.0450000000000002	0.34722249680369555
1.05	0.347099564462866
1.0550000000000002	0.34697794176671515
1.06	0.3468576083590918
1.0650000000000002	0.34673854429477863
1.07	0.346620730029392
1.075	0.34650414640956456
1.08	0.3463887746634211
1.085	0.34627459639130936
1.09	0.34616159355680864
1.095	0.3460497484779844
1.1	0.3459390438188907
1.105	0.3458294625813111
1.11	0.34572098809673224
1.115	0.34561360401853913
1.12	0.3455072943144208
1.125	0.34540204325900253
1.13	0.3452978354266592
1.135	0.3451946556845408
1.14	0.3450924891857832
1.145	0.34499132136290434
1.15	0.344891137921375
1.155	0.34479192483337173
1.16	0.3446936683316913
1.165	0.34459635490382484
1.17	0.3444999712862013
1.175	0.34440450445857096
1.18	0.344309941638547
1.1849999999999998	0.3442162702762891
1.19	0.3441234780493219
1.1949999999999998	0.34403155285749015
1.2	0.3439404828180559
1.2049999999999998	0.3438502562609047
1.21	0.34376086172389225
1.2149999999999999	0.34367228794830457
1.22	0.34358452387442745
1.2249999999999999	0.3434975586372444
1.23	0.3434113815622301
1.2349999999999999	0.3433259821612622
1.2399999999999998	0.3432413501286247
1.2449999999999999	0.34315747533712393
1.2499999999999998	0.34307434783429114
1.255	0.34299195783869096
1.2599999999999998	0.3429102957363077
1.265	0.34282935207704074
1.2699999999999998	0.3427491175712667
1.275	0.3426695830864992
1.2799999999999998	0.34259073964412423
1.285	0.3425125784162224
1.29	0.3424350907224603
1.295	0.3423582680270595
1.3	0.34228210193584707
1.305	0.3422065841933627
1.31	0.3421317066800504
1.315	0.3420574614095046
1.32	0.3419838405257942
1.325	0.3419108363008345
1.33	0.3418384411318377
1.335	0.3417666475388187
1.34	0.34169544816214414
1.345	0.34162483576016844
1.3499999999999999	0.34155480320689796
1.355	0.34148534348972254
1.3599999999999999	0.341416449707197
1.365	0.34134811506687807
1.3699999999999999	0.34128033288319903
1.375	0.34121309657540966
1.38	0.34114639966554905
1.385	0.3410802357764724
1.39	0.34101459862992217
1.395	0.34094948204463865
1.4	0.340884879934514
1.4049999999999998	0.3408207863067965
1.41	0.3407571952603206
1.4149999999999998	0.34069410098379
1.42	0.34063149775408713
1.4249999999999998	0.34056937993462993
1.43	0.34050774197375827
1.4349999999999998	0.3404465784031624
1.44	0.3403858838363332
1.4449999999999998	0.3403256529670682
1.45	0.34026588056798307
1.455	0.34020656148907996
1.46	0.34014769065632716
1.465	0.3400892630702928
1.47	0.3400312738047738
1.475	0.3399737180054885
1.48	0.339916590888778
1.485	0.3398598877403428
1.49	0.3398036039139981
1.495	0.33974773483046383
1.5	0.3396922759761758
1.5050000000000001	0.33963722290212606
1.51	0.33958257122272
1.515	0.339528316614667
1.52	0.3394744548158825
1.525	0.33942098162442524
1.53	0.3393678928974484
1.535	0.3393151845501741
1.54	0.33926285255488736
1.545	0.339210892939958
1.55	0.33915930178887693
1.555	0.3391080752393041
1.56	0.33905720948215234
1.565	0.3390067007606773
1.5699999999999998	0.3389565453695987
1.575	0.33890673965421203
1.5799999999999998	0.3388572800095534
1.585	0.3388081628795582
1.5899999999999999	0.3387593847562404
1.595	0.33871094217889824
1.5999999999999999	0.338662831733309
1.605	0.33861505005098214
1.6099999999999999	0.3385675938083875
1.615	0.33852045972621586
1.6199999999999999	0.33847364456865847
1.6249999999999998	0.3384271451426883
1.63	0.3383809582973659
1.6349999999999998	0.3383350809231514
1.64	0.3382895099512357
1.6449999999999998	0.338244242352875
1.65	0.338199275138756
1.6549999999999998	0.33815460535834496
1.66	0.33811023009928787
1.6649999999999998	0.3380661464867828
1.67	0.33802235168298567
1.675	0.3379788428864242
1.68	0.33793561733143124
1.685	0.3378926722875585
1.69	0.3378500050590456
1.695	0.337807612984255
1.7	0.33776549343515266
1.705	0.33772364381677644
1.71	0.3376820615667254
1.715	0.3376407441546524
1.72	0.3375996890817658
1.725	0.3375588938803514
1.73	0.33751835611328657
1.7349999999999999	0.3374780733735756
1.74	0.3374380432838837
1.7449999999999999	0.3373982634960947
1.75	0.3373587316908614
1.755	0.337319445577162
1.76	0.3372804028918914
1.765	0.33724160139941967
1.77	0.337203038891195
1.775	0.3371647131853269
1.78	0.3371266221261982
1.785	0.3370887635840681
1.7899999999999998	0.33705113545468285
1.795	0.33701373565891407
1.7999999999999998	0.33697656214236993
1.805	0.33693961287503915
1.8099999999999998	0.336902885850937
1.815	0.33686637908774214
1.8199999999999998	0.3368300906264698
1.825	0.3367940185311079
1.8299999999999998	0.3367581608883022
1.835	0.3367225158070237
1.84	0.33668708141823805
1.845	0.33665185587460067
1.85	0.33661683735013787
1.855	0.3365820240399452
1.86	0.3365474141598795
1.865	0.3365130059462783
1.87	0.3364787976556421
1.875	0.3364447875643796
1.8800000000000001	0.3364109739685055
1.885	0.3363773551833739
1.8900000000000001	0.33634392954340464
1.895	0.33631069540180647
1.9	0.33627765113033614
1.905	0.33624479511901784
1.91	0.3362121257759033
1.915	0.33617964152680885
1.92	0.3361473408150941
1.925	0.3361152221013861
1.93	0.33608328386337255
1.935	0.336051524595549
1.94	0.33601994280899167
1.945	0.3359885370311436
1.95	0.3359573058055759
1.9549999999999998	0.3359262476917764
1.96	0.3358953612649384
1.9649999999999999	0.33586464511573666
1.97	0.3358340978501318
1.9749999999999999	0.3358037180891601
1.98	0.3357735044687219
1.9849999999999999	0.3357434556393939
1.99	0.3357135702662421
1.9949999999999999	0.3356838470286061
2.	0.33565428461992936