0.2	0.4038947801955413
0.20500000000000002	0.41489879764662235
0.21000000000000002	0.42329295467222994
0.21500000000000002	0.42969817777136865
0.22	0.43456537429438047
0.225	0.43822978605065327
0.23	0.4409453162602532
0.23500000000000001	0.4429071571539677
0.24000000000000002	0.4442672207930727
0.245	0.4451449556412898
0.25	0.44563510285995134
0.255	0.44581336512584535
0.26	0.44574061746222765
0.265	0.4454660790149138
0.27	0.4450297313582946
0.275	0.44446418210135996
0.28	0.4437961146699759
0.28500000000000003	0.44304742571371475
0.29000000000000004	0.4422361242309561
0.29500000000000004	0.44137704721273024
0.3	0.44048243279670446
0.305	0.43956238190753977
0.31	0.4386252320091745
0.315	0.43767786114085216
0.32	0.43672593632230744
0.325	0.43577411732388716
0.33	0.4348262244419312
0.335	0.43388537711020736
0.34	0.4329541087781873
0.34500000000000003	0.4320344623966398
0.35	0.4311280699966712
0.355	0.43023621917505733
0.36	0.4293599087652748
0.365	0.42849989554885276
0.37	0.42765673352182476
0.375	0.42683080695793374
0.38	0.4260223582898448
0.385	0.42523151165102185
0.39	0.4244582927756915
0.395	0.4237026458357643
0.4	0.422964447696503
0.405	0.4222435199929509
0.41000000000000003	0.4215396393634014
0.41500000000000004	0.420852546121846
0.42	0.4201819516063052
0.425	0.4195275444025146
0.43	0.4188889956112544
0.435	0.41826596330156995
0.44	0.417658096270323
0.445	0.4170650372102247
0.45	0.4164864253731281
0.455	0.4159218988023935
0.46	0.41537109619721596
0.465	0.4148336584625491
0.47	0.4143092299904361
0.475	0.41379745971190635
0.48	0.4132980019529496
0.485	0.41281051712327704
0.49	0.4123346722624757
0.495	0.41187014146466894
0.5	0.41141660619980336
0.505	0.4109737555471307
0.51	0.41054128635425496
0.515	0.4101189033332411
0.52	0.40970631910366595
0.525	0.40930325419110825
0.53	0.4089094369883756
0.535	0.40852460368574955
0.54	0.40814849817563914
0.545	0.4077808719362718
0.55	0.40742148389839405
0.555	0.40707010029839025
0.56	0.4067264945207317
0.5650000000000001	0.40639044693225024
0.5700000000000001	0.4060617447103627
0.5750000000000001	0.40574018166706083
0.5800000000000001	0.4054255580702008
0.5850000000000001	0.4051176804633978
0.5900000000000001	0.40481636148562894
0.5950000000000001	0.40452141969145894
0.6000000000000001	0.4042326793726705
0.6050000000000001	0.4039499703819335
0.6100000000000001	0.4036731279590428
0.6150000000000001	0.4034019925601562
0.62	0.40313640969037634
0.625	0.402876229739955
0.63	0.40262130782432864
0.635	0.40237150362814894
0.64	0.40212668125341877
0.645	0.4018867090718134
0.65	0.40165145958122817
0.655	0.401420809266569
0.66	0.4011946384647761
0.665	0.4009728312340562
0.67	0.40075527522727517
0.675	0.4005418615694584
0.6799999999999999	0.40033248473932564
0.6849999999999999	0.40012704245478586
0.69	0.39992543556230425
0.695	0.3997275679300535
0.7	0.39953334634475474
0.705	0.3993426804121046
0.71	0.39915548246069765
0.715	0.3989716674493314
0.72	0.398791152877606
0.725	0.3986138586996993
0.73	0.3984397072412311
0.735	0.3982686231191103
0.74	0.3981005331642594
0.745	0.3979353663471309
0.75	0.39777305370590943
0.755	0.39761352827731145
0.76	0.3974567250298879
0.765	0.39730258079974345
0.77	0.39715103422858183
0.775	0.3970020257039957
0.78	0.3968554973019148
0.785	0.396711392731143
0.79	0.39656965727989
0.7949999999999999	0.39643023776424213
0.7999999999999999	0.3962930824784847
0.8049999999999999	0.39615814114721765
0.8099999999999999	0.39602536487918766
0.815	0.39589470612277866
0.82	0.3957661186230993
0.825	0.39563955738059786
0.83	0.3955149786111553
0.835	0.39539233970759824
0.84	0.3952715992025767
0.845	0.3951527167327561
0.8500000000000001	0.39503565300427196
0.8550000000000001	0.3949203697594011
0.8600000000000001	0.39480682974440223
0.8650000000000001	0.39469499667848373
0.8700000000000001	0.394584835223851
0.8750000000000001	0.39447631095679847
0.8800000000000001	0.3943693903398021
0.8850000000000001	0.39426404069457743
0.8900000000000001	0.394160230176068
0.8950000000000001	0.39405792774732057
0.9000000000000001	0.3939571031552271
0.905	0.3938577269070923
0.91	0.39375977024799336
0.915	0.3936632051389148
0.92	0.3935680042356132
0.925	0.39347414086819826
0.93	0.39338158902139564
0.935	0.3932903233154716
0.9400000000000001	0.3932003189877882
0.9450000000000001	0.39311155187497443
0.9500000000000001	0.39302399839568425
0.9550000000000001	0.3929376355339229
0.96	0.3928524408229169
0.965	0.3927683923295178
0.97	0.3926854686391044
0.975	0.3926036488409855
0.98	0.3925229125142606
0.985	0.39244323971415274
0.99	0.3923646109587595
0.995	0.3922870072162453
1.	0.3922104098924329
1.005	0.39213480081878266
1.01	0.39206016224076506
1.0150000000000001	0.39198647680658794
1.02	0.39191372755627957
1.0250000000000001	0.39184189791111534
1.03	0.3917709716633686
1.0350000000000001	0.39170093296638464
1.04	0.3916317663249554
1.0450000000000002	0.3915634565859931
1.05	0.39149598892948917
1.0550000000000002	0.39142934885974767
1.06	0.3913635221968832
1.0650000000000002	0.39129849506858627
1.07	0.3912342539021214
1.075	0.39117078541657524
1.08	0.3911080766153401
1.085	0.39104611477880735
1.09	0.39098488745729354
1.095	0.390924382464167
1.1	0.39086458786917444
1.105	0.39080549199197423
1.11	0.39074708339584574
1.115	0.390689350881592
1.12	0.39063228348161494
1.125	0.39057587045415854
1.13	0.39052010127772635
1.135	0.3904649656456508
1.14	0.39041045346082137
1.145	0.3903565548305636
1.15	0.3903032600616599
1.155	0.39025055965551636
1.16	0.39019844430345824
1.165	0.3901469048821652
1.17	0.3900959324492254
1.175	0.3900455182388251
1.18	0.389995653657542
1.1849999999999998	0.3899463302802732
1.19	0.38989753984625447
1.1949999999999998	0.38984927425520766
1.2	0.38980152556358416
1.2049999999999998	0.3897542859809059
1.21	0.38970754786621836
1.2149999999999999	0.3896613037246266
1.22	0.38961554620393374
1.2249999999999999	0.38957026809136214
1.23	0.3895254623103689
1.2349999999999999	0.38948112191754175
1.2399999999999998	0.3894372400995776
1.2449999999999999	0.3893938101703412
1.2499999999999998	0.38935082556800527
1.255	0.38930827985225547
1.2599999999999998	0.3892661667015837
1.265	0.3892244799106331
1.2699999999999998	0.38918321338763057
1.275	0.3891423611518691
1.2799999999999998	0.38910191733127003
1.285	0.38906187615999605
1.29	0.38902223197613084
1.295	0.388982979219414
1.3	0.38894411242904153
1.305	0.3889056262415121
1.31	0.3888675153885325
1.315	0.38882977469497704
1.32	0.3887923990768963
1.325	0.38875538353957173
1.33	0.3887187231756234
1.335	0.38868241316316965
1.34	0.38864644876401633
1.345	0.38861082532190516
1.3499999999999999	0.3885755382608007
1.355	0.3885405830832172
1.3599999999999999	0.3885059553685854
1.365	0.3884716507716631
1.3699999999999999	0.388437665020984
1.375	0.38840399391733593
1.38	0.3883706333322854
1.385	0.38833757920673656
1.39	0.38830482754951423
1.395	0.3882723744359918
1.4	0.38824021600674896
1.4049999999999998	0.38820834846625685
1.41	0.38817676808159624
1.4149999999999998	0.3881454711812159
1.42	0.38811445415369467
1.4249999999999998	0.38808371344656095
1.43	0.38805324556512294
1.4349999999999998	0.3880230470713294
1.44	0.3879931145826581
1.4449999999999998	0.38796344477102696
1.45	0.3879340343617344
1.455	0.38790488013241986
1.46	0.38787597891205167
1.465	0.3878473275799338
1.47	0.3878189230647358
1.475	0.3877907623435481
1.48	0.3877628424409605
1.485	0.3877351604281436
1.49	0.38770771342198
1.495	0.3876804985841881
1.5	0.38765351312048285
1.5050000000000001	0.38762675427973897
1.51	0.3876002193531948
1.515	0.38757390567365135
1.52	0.3875478106147025
1.525	0.38752193158997345
1.53	0.38749626605238613
1.535	0.387470811493429
1.54	0.38744556544245273
1.545	0.3874205254659751
1.55	0.3873956891669947
1.555	0.3873710541843416
1.56	0.3873466181920121
1.565	0.3873223788985424
1.5699999999999998	0.38729833404638375
1.575	0.3872744814112845
1.5799999999999998	0.38725081880170914
1.585	0.38722734405823817
1.5899999999999999	0.3872040550530057
1.595	0.3871809496891365
1.5999999999999999	0.3871580259001964
1.605	0.38713528164965855
1.6099999999999999	0.38711271493037097
1.615	0.38709032376405017
1.6199999999999999	0.3870681062007701
1.6249999999999998	0.38704606031846844
1.63	0.38702418422246854
1.6349999999999998	0.3870024760449942
1.64	0.3869809339447168
1.6449999999999998	0.38695955610629396
1.65	0.3869383407399197
1.6549999999999998	0.38691728608090054
1.66	0.3868963903892089
1.6649999999999998	0.3868756519490836
1.67	0.38685506906859934
1.675	0.3868346400792787
1.68	0.3868143633356858
1.685	0.38679423721505096
1.69	0.3867742601168749
1.695	0.38675443046257635
1.7	0.3867347466951058
1.705	0.38671520727860753
1.71	0.38669581069805237
1.715	0.38667655545890917
1.72	0.3866574400867897
1.725	0.3866384631271362
1.73	0.3866196231448847
1.7349999999999999	0.3866009187241482
1.74	0.38658234846791273
1.7449999999999999	0.3865639109977205
1.75	0.3865456049533761
1.755	0.38652742899265063
1.76	0.38650938179099553
1.765	0.3864914620412456
1.77	0.38647366845336223
1.775	0.3864559997541443
1.78	0.38643845468696697
1.785	0.3864210320115155
1.7899999999999998	0.38640373050353183
1.795	0.38638654895455327
1.7999999999999998	0.38636948617167544
1.805	0.38635254097729904
1.8099999999999998	0.3863357122088932
1.815	0.38631899871876313
1.8199999999999998	0.3863023993738128
1.825	0.38628591305533333
1.8299999999999998	0.38626953865875996
1.835	0.38625327509346535
1.84	0.38623712128254734
1.845	0.38622107616261997
1.85	0.3862051386835861
1.855	0.3861893078084686
1.86	0.3861735825131825
1.865	0.3861579617863501
1.87	0.3861424446291106
1.875	0.38612703005493065
1.8800000000000001	0.3861117170894101
1.885	0.38609650477011415
1.8900000000000001	0.386081392146382
1.895	0.3860663782791572
1.9	0.3860514622408191
1.905	0.3860366431149975
1.91	0.3860219199964254
1.915	0.38600729199076206
1.92	0.3859927582144342
1.925	0.3859783177944767
1.93	0.38596396986839493
1.935	0.38594971358397656
1.94	0.38593554809917613
1.945	0.3859214725819451
1.95	0.38590748621009935
1.9549999999999998	0.38589358817116803
1.96	0.38587977766226306
1.9649999999999999	0.3858660538899258
1.97	0.38585241607001136
1.9749999999999999	0.3858388634275396
1.98	0.3858253951965742
1.9849999999999999	0.3858120106200826
1.99	0.3857987089498235
1.9949999999999999	0.3857854894462108
2.	0.38577235137820043