0.2	0.4290292288625889
0.20500000000000002	0.4406635895240118
0.21000000000000002	0.4497457169301751
0.21500000000000002	0.45687839304115047
0.22	0.4625009279803979
0.225	0.4669407122054435
0.23	0.47044606662302824
0.23500000000000001	0.47320804510939024
0.24000000000000002	0.47537538162264265
0.245	0.477065011236646
0.25	0.4783696391455139
0.255	0.4793632867767214
0.26	0.4801054197000453
0.265	0.4806440616924194
0.27	0.48101817172819833
0.275	0.48125947719221623
0.28	0.4813939007146687
0.28500000000000003	0.4814426798197189
0.29000000000000004	0.48142325198851704
0.29500000000000004	0.48134995893092486
0.30000000000000004	0.4812346103672458
0.30500000000000005	0.4810869378147283
0.31000000000000005	0.4809149616627664
0.31500000000000006	0.48072528946207077
0.32000000000000006	0.48052335933223156
0.32500000000000007	0.48031363934828203
0.33000000000000007	0.4800997914438514
0.335	0.47988480658225025
0.34	0.47967111656377037
0.34500000000000003	0.47946068675964937
0.35000000000000003	0.4792550932181576
0.35500000000000004	0.4790555869220741
0.36000000000000004	0.4788631474488395
0.36500000000000005	0.47867852786417453
0.37000000000000005	0.4785022923434946
0.37500000000000006	0.4783348477450748
0.38000000000000006	0.4781764701407408
0.385	0.4780273271331384
0.39	0.4778874966449435
0.395	0.4777569827481508
0.4	0.47763572900563406
0.405	0.47752362971837853
0.41000000000000003	0.47742053940691226
0.41500000000000004	0.4773262808018795
0.42000000000000004	0.4772406515743317
0.425	0.477163429999478
0.43	0.4770943797169879
0.435	0.47703325372536715
0.44	0.47697979772656257
0.445	0.47693375291903645
0.45	0.47689485832254075
0.455	0.4768628527051623
0.46	0.47683747617258465
0.465	0.47681847147050727
0.47000000000000003	0.4768055850435858
0.47500000000000003	0.47679856788781283
0.48000000000000004	0.4767971762278165
0.48500000000000004	0.4768011720459168
0.49000000000000005	0.47681032348585606
0.49500000000000005	0.47682440515076124
0.5	0.476843198312046
0.505	0.47686649104352513
0.51	0.47689407829293884
0.515	0.47692576190129893
0.52	0.476961350578961
0.525	0.4770006598460145
0.53	0.4770435119434773
0.535	0.4770897357208201
0.54	0.4771391665045291
0.545	0.4771916459517149
0.55	0.47724702189216706
0.555	0.4773051481617422
0.56	0.47736588442952366
0.565	0.47742909602081446
0.57	0.47749465373769295
0.575	0.4775624336785812
0.58	0.47763231705803816
0.585	0.4777041900277771
0.59	0.4777779434997331
0.595	0.4778534729718548
0.6	0.4779306783571654
0.605	0.47800946381652154
0.61	0.4780897375954135
0.615	0.47817141186506046
0.62	0.4782544025679946
0.625	0.4783386292682601
0.6299999999999999	0.4784240150063168
0.635	0.47851048615868386
0.6399999999999999	0.4785979723023353
0.6449999999999999	0.47868640608382224
0.6499999999999999	0.4787757230930806
0.655	0.4788658617418565
0.66	0.4789567631466708
0.665	0.4790483710162258
0.67	0.4791406315431583
0.675	0.47923349330001863
0.68	0.4793269071393656
0.685	0.4794208260978535
0.6900000000000001	0.47951520530418695
0.6950000000000001	0.47961000189081915
0.7000000000000001	0.47970517490926556
0.7050000000000001	0.479800685248911
0.7100000000000001	0.47989649555917957
0.7150000000000001	0.4799925701749486
0.72	0.48008887504508213
0.7250000000000001	0.48018537766396846
0.73	0.4802820470059379
0.735	0.4803788534624575
0.74	0.48047576878198106
0.7450000000000001	0.4805727660123566
0.7500000000000001	0.4806698194456795
0.7550000000000001	0.4807669045654971
0.7600000000000001	0.48086399799626106
0.7650000000000001	0.48096107745493893
0.7700000000000001	0.48105812170469125
0.7750000000000001	0.48115511051052623
0.7800000000000001	0.4812520245968514
0.7850000000000001	0.48134884560683733
0.7900000000000001	0.48144555606351763
0.7950000000000002	0.48154213933255285
0.8000000000000002	0.48163857958658246
0.8050000000000002	0.4817348617710987
0.81	0.48183097157177546
0.8150000000000002	0.48192689538319194
0.8200000000000001	0.4820226202788865
0.8250000000000001	0.48211813398268377
0.8300000000000001	0.4822134248412445
0.835	0.48230848179777663
0.84	0.4824032943668636
0.845	0.48249785261036077
0.85	0.4825921471143076
0.855	0.4826861689668206
0.86	0.482779909736915
0.865	0.48287336145422144
0.87	0.48296651658955514
0.875	0.4830593680363054
0.88	0.483151909092601
0.885	0.48324413344422557
0.89	0.48333603514824924
0.895	0.48342760861734196
0.8999999999999999	0.48351884860474365
0.905	0.48360975018985797
0.9099999999999999	0.4837003087644485
0.9149999999999999	0.4837905200194055
0.9199999999999999	0.4838803799320625
0.925	0.4839698847540398
0.93	0.4840590309995898
0.935	0.48414781543441937
0.9400000000000001	0.4842362350649832
0.9450000000000001	0.4843242871282041
0.9500000000000001	0.4844119690816314
0.9550000000000001	0.4844992785939904
0.9600000000000001	0.48458621353612585
0.9650000000000001	0.48467277197231434
0.9700000000000001	0.48475895215193515
0.9750000000000001	0.4848447525014755
0.9800000000000001	0.48493017161686475
0.9850000000000001	0.4850152082561252
0.99	0.4850998613323107
0.9950000000000001	0.4851841299067468
1.	0.4852680131825304
1.0050000000000001	0.4853515104983057
1.01	0.48543462132228365
1.0150000000000001	0.4855173452465056
1.02	0.48559968198134223
1.0250000000000001	0.4856816313502086
1.03	0.48576319328449796
1.0350000000000001	0.48584436781871587
1.04	0.4859251550858107
1.0450000000000002	0.4860055553126954
1.05	0.4860855688159462
1.0550000000000002	0.48616519599767194
1.06	0.48624443734155615
1.0650000000000002	0.4863232934090496
1.07	0.48640176483572434
1.0750000000000002	0.48647985232776614
1.08	0.4865575566586118
1.0850000000000002	0.4866348786657204
1.09	0.48671181924747314
1.0950000000000002	0.486788379360196
1.1	0.4868645600153094
1.105	0.48694036227657667
1.1099999999999999	0.48701578725748085
1.115	0.4870908361186923
1.1199999999999999	0.4871655100656455
1.125	0.4872398103462081
1.13	0.4873137382484479
1.135	0.4873872950984865
1.14	0.4874604822584391
1.145	0.4875333011244379
1.15	0.48760575312473525
1.155	0.4876778397178808
1.16	0.4877495623909761
1.165	0.48782092265799215
1.17	0.4878919220581644
1.175	0.4879625621544458
1.18	0.4880328445320215
1.185	0.48810277079689
1.19	0.4881723425744969
1.195	0.48824156150842263
1.2	0.4883104292591312
1.205	0.48837894750275745
1.21	0.4884471179299597
1.215	0.48851494224480246
1.22	0.48858242216370057
1.225	0.4886495594143935
1.23	0.48871635573497063
1.235	0.48878281287293407
1.24	0.48884893258429785
1.245	0.48891471663272834
1.25	0.4889801667887218
1.2550000000000001	0.4890452848288068
1.26	0.48911007253479355
1.2650000000000001	0.48917453169304076
1.27	0.48923866409376965
1.2750000000000001	0.48930247153039064
1.28	0.48936595579886916
1.285	0.48942911869711714
1.2899999999999998	0.48949196202440626
1.295	0.4895544875808124
1.2999999999999998	0.48961669716668027
1.305	0.48967859258211077
1.3099999999999998	0.4897401756264768
1.315	0.4898014480979548
1.3199999999999998	0.4898624117930745
1.325	0.4899230685062999
1.3299999999999998	0.48998342002961764
1.335	0.4900434681521509
1.3399999999999999	0.49010321465978657
1.345	0.49016266133482767
1.3499999999999999	0.4902218099556483
1.355	0.49028066229637624
1.3599999999999999	0.49033922012659087
1.365	0.49039748521102183
1.3699999999999999	0.4904554593092847
1.375	0.49051314417560554
1.38	0.4905705415585756
1.385	0.4906276532009162
1.39	0.4906844808392438
1.395	0.49074102620386506
1.4	0.49079729101856706
1.405	0.49085327700042714
1.41	0.49090898585962456
1.415	0.4909644192992821
1.42	0.4910195790152849
1.425	0.49107446669614235
1.43	0.4911290840228304
1.435	0.491183432668664
1.44	0.491237514299163
1.445	0.49129133057193564
1.45	0.49134488313656166
1.455	0.49139817363448657
1.46	0.49145120369892215
1.465	0.49150397495476295
1.47	0.49155648901848187
1.475	0.49160874749806965
1.48	0.4916607519929459
1.485	0.49171250409390177
1.49	0.49176400538302834
1.495	0.4918152574336636
1.5	0.4918662618103414
1.5050000000000001	0.49191702006873744
1.51	0.491967533755632
1.5150000000000001	0.4920178044088659
1.52	0.4920678335573134
1.5250000000000001	0.4921176227208415
1.53	0.49216717341029287
1.5350000000000001	0.4922164871274575
1.54	0.4922655653650559
1.5450000000000002	0.49231440960672124
1.55	0.4923630213269878
1.555	0.49241140199128247
1.5599999999999998	0.4924595530559214
1.565	0.49250747596809463
1.5699999999999998	0.49255517216588657
1.575	0.4926026430782522
1.5799999999999998	0.4926498901250456
1.585	0.49269691471701194
1.5899999999999999	0.49274371825580165
1.595	0.49279030213398384
1.5999999999999999	0.4928366677350562
1.605	0.4928828164334674
1.6099999999999999	0.4929287495946229
1.615	0.4929744685749182
1.6199999999999999	0.49301997472175063
1.625	0.4930652693735493
1.63	0.49311035385979496
1.635	0.49315522950104473
1.64	0.4931998976089675
1.645	0.49324435948636575
1.65	0.49328861642720917
1.655	0.4933326697166654
1.66	0.49337652063113285
1.665	0.49342017043827535
1.67	0.493463620397059
1.675	0.49350687175778235
1.68	0.4935499257621197
1.685	0.4935927836431579
1.69	0.49363544662543074
1.695	0.4936779159249632
1.7	0.4937201927493161
1.705	0.49376227829761166
1.71	0.4938041737605914
1.715	0.49384588032065435
1.72	0.4938873991518942
1.725	0.49392873142015015
1.73	0.49396987828304634
1.735	0.4940108408900378
1.74	0.49405162038246075
1.745	0.49409221789356667
1.75	0.494132634548582
1.7550000000000001	0.4941728714647432
1.76	0.4942129297513464
1.7650000000000001	0.4942528105098012
1.77	0.49429251483366554
1.7750000000000001	0.4943320438087043
1.78	0.49437139851293443
1.7850000000000001	0.4944105800166671
1.79	0.49444958938255934
1.7950000000000002	0.4944884276656669
1.8	0.49452709591348537
1.8050000000000002	0.4945655951660009
1.81	0.49460392645574397
1.8150000000000002	0.4946420908078285
1.82	0.49468008924001183
1.825	0.49471792276273097
1.8299999999999998	0.49475559237916017
1.835	0.49479309908525865
1.8399999999999999	0.4948304438698194
1.845	0.4948676277145136
1.8499999999999999	0.4949046515939448
1.855	0.4949415164756946
1.8599999999999999	0.49497822332037567
1.865	0.49501477308166747
1.8699999999999999	0.495051166706386
1.875	0.49508740513451277
1.88	0.49512348929924976
1.885	0.49515942012707626
1.89	0.49519519853778493
1.895	0.49523082544452796
1.9	0.4952663017538821
1.905	0.4953016283658778
1.91	0.49533680617405834
1.915	0.49537183606551966
1.92	0.49540671892096405
1.925	0.49544145561473857
1.93	0.49547604701489756
1.935	0.4955104939832243
1.94	0.49554479737530654
1.945	0.495578958040561
1.95	0.4956129768222862
1.955	0.4956468545577135
1.96	0.49568059207804
1.965	0.4957141902084896
1.97	0.49574764976834895
1.975	0.49578097157100787
1.98	0.49581415642401994
1.985	0.4958472051291257
1.99	0.4958801184823169
1.995	0.4959128972738653
2.	0.49594554228838067