0.2	0.3594901930444891
0.20500000000000002	0.371010382889833
0.21000000000000002	0.37961444936586564
0.21500000000000002	0.3860176517024201
0.22	0.39073115676935677
0.225	0.3941306446709748
0.23	0.39649823393712424
0.23500000000000001	0.3980494330739313
0.24000000000000002	0.3989511651826792
0.245	0.39933420976735584
0.25	0.3993020154504753
0.255	0.3989370773731681
0.26	0.3983056363980163
0.265	0.3974611955878244
0.27	0.39644718697537107
0.275	0.39529901764188885
0.28	0.39404565576771566
0.28500000000000003	0.39271087134534877
0.29000000000000004	0.3913142146934119
0.29500000000000004	0.38987179386540544
0.30000000000000004	0.3883968963979898
0.30500000000000005	0.3869004895752734
0.31000000000000005	0.3853916251672
0.31500000000000006	0.38387776853630734
0.32000000000000006	0.38236506748570287
0.32500000000000007	0.3808585728171759
0.33000000000000007	0.379362419983093
0.335	0.3778799792362092
0.34	0.3764139801544907
0.34500000000000003	0.3749666152318052
0.35000000000000003	0.37353962629792586
0.35500000000000004	0.37213437680182765
0.36000000000000004	0.37075191241527555
0.36500000000000005	0.36939301195491203
0.37000000000000005	0.3680582302544301
0.37500000000000006	0.3667479343240977
0.38000000000000006	0.36546233389755317
0.385	0.364201507273626
0.39	0.3629654232047216
0.395	0.3617539594558407
0.4	0.3605669185539508
0.405	0.35940404116166785
0.41000000000000003	0.35826501743855127
0.41500000000000004	0.3571494966948876
0.42000000000000004	0.35605709559439735
0.425	0.3549874051220379
0.43	0.3539399964995005
0.435	0.35291442620294394
0.44	0.35191024021401907
0.445	0.35092697761548886
0.45	0.34996417362616783
0.455	0.3490213621558783
0.46	0.34809807794931497
0.465	0.3471938583776764
0.47000000000000003	0.3463082449284383
0.47500000000000003	0.34544078443642445
0.48000000000000004	0.34459103009318315
0.48500000000000004	0.34375854226645447
0.49000000000000005	0.34294288915703164
0.49500000000000005	0.34214364731650593
0.5	0.34136040204611
0.505	0.3405927476940743
0.51	0.339840287866496
0.515	0.33910263556466225
0.52	0.3383794132599771
0.525	0.33767025291612407
0.53	0.3369747959667581
0.535	0.33629269325589783
0.54	0.3356236049471897
0.545	0.33496720040737715
0.55	0.3343231580685615
0.555	0.3336911652732142
0.56	0.33307091810534345
0.565	0.33246212121073765
0.57	0.3318644876088044
0.575	0.33127773849815484
0.58	0.3307016030577757
0.585	0.33013581824536425
0.59	0.3295801285941631
0.595	0.3290342860094324
0.6	0.32849804956551554
0.605	0.32797118530430996
0.61	0.32745346603581527
0.615	0.326944671141322
0.62	0.32644458637969775
0.625	0.3259530036971504
0.6299999999999999	0.3254697210407707
0.635	0.3249945421760859
0.6399999999999999	0.3245272765088174
0.6449999999999999	0.3240677389109668
0.6499999999999999	0.32361574955133376
0.655	0.323171133730522
0.66	0.32273372172046594
0.665	0.3223033486084792
0.67	0.32187985414581605
0.675	0.32146308260070566
0.68	0.3210528826158135
0.685	0.32064910707006644
0.6900000000000001	0.3202516129447715
0.6950000000000001	0.31986026119395006
0.7000000000000001	0.3194749166187921
0.7050000000000001	0.31909544774615023
0.7100000000000001	0.31872172671096705
0.7150000000000001	0.31835362914254467
0.72	0.31799103405454615
0.7250000000000001	0.3176338237386372
0.73	0.31728188366165283
0.735	0.3169351023661965
0.74	0.31659337137456034
0.7450000000000001	0.3162565850958711
0.7500000000000001	0.31592464073635596
0.7550000000000001	0.3155974382126286
0.7600000000000001	0.31527488006790555
0.7650000000000001	0.31495687139104644
0.7700000000000001	0.31464331973832793
0.7750000000000001	0.314334135057868
0.7800000000000001	0.31402922961659424
0.7850000000000001	0.3137285179296877
0.7900000000000001	0.3134319166923998
0.7950000000000002	0.31313934471417887
0.8000000000000002	0.3128507228550092
0.8050000000000002	0.31256597396389313
0.81	0.312285022819403
0.8150000000000002	0.31200779607222356
0.8200000000000001	0.31173422218962593
0.8250000000000001	0.3114642314017858
0.8300000000000001	0.31119775564990243
0.835	0.3109347285360387
0.84	0.31067508527462845
0.845	0.310418762645588
0.85	0.3101656989489777
0.855	0.30991583396115896
0.86	0.3096691088923857
0.865	0.3094254663457938
0.87	0.3091848502777192
0.875	0.3089472059593209
0.88	0.3087124799394382
0.885	0.30848062000865634
0.89	0.3082515751645312
0.895	0.30802529557792846
0.8999999999999999	0.30780173256044613
0.905	0.30758083853287377
0.9099999999999999	0.30736256699465825
0.9149999999999999	0.3071468724943366
0.9199999999999999	0.3069337106009021
0.925	0.3067230378760765
0.93	0.3065148118474524
0.935	0.30630899098246384
0.9400000000000001	0.3061055346631888
0.9450000000000001	0.305904403161915
0.9500000000000001	0.30570555761747026
0.9550000000000001	0.3055089600122834
0.9600000000000001	0.3053145731501435
0.9650000000000001	0.30512236063464715
0.9700000000000001	0.30493228684829415
0.9750000000000001	0.3047443169322239
0.9800000000000001	0.30455841676656337
0.9850000000000001	0.30437455295136356
0.99	0.3041926927881136
0.9950000000000001	0.30401280426180405
1.	0.3038348560235246
1.0050000000000001	0.3036588173735793
1.01	0.303484658245099
1.0150000000000001	0.30331234918813627
1.02	0.3031418613542323
1.0250000000000001	0.30297316648142497
1.03	0.30280623687969954
1.0350000000000001	0.3026410454168624
1.04	0.30247756550481486
1.0450000000000002	0.3023157710862303
1.05	0.3021556366216076
1.0550000000000002	0.30199713707669834
1.06	0.30184024791028446
1.0650000000000002	0.3016849450623109
1.07	0.3015312049423435
1.0750000000000002	0.30137900441835924
1.08	0.30122832080584544
1.0850000000000002	0.3010791318572052
1.09	0.3009314157514519
1.0950000000000002	0.3007851510842011
1.1	0.30064031685791853
1.105	0.30049689247245565
1.1099999999999999	0.3003548577158315
1.115	0.3002141927552707
1.1199999999999999	0.30007487812848
1.125	0.2999368947351681
1.13	0.29980022382878246
1.135	0.2996648470084832
1.14	0.2995307462113136
1.145	0.29939790370459435
1.15	0.29926630207850724
1.155	0.29913592423888424
1.16	0.2990067534001821
1.165	0.29887877307863664
1.17	0.2987519670856029
1.175	0.29862631952106794
1.18	0.2985018147673235
1.185	0.298378437482813
1.19	0.2982561725961289
1.195	0.2981350053001655
1.2	0.29801492104642247
1.205	0.29789590553945255
1.21	0.2977779447314495
1.215	0.2976610248169714
1.22	0.29754513222779944
1.225	0.29743025362792075
1.23	0.29731637590864207
1.235	0.29720348618382336
1.24	0.29709157178522233
1.245	0.29698062025796296
1.25	0.29687061935611714
1.2550000000000001	0.29676155703837737
1.26	0.29665342146385487
1.2650000000000001	0.2965462009879733
1.27	0.29643988415845635
1.2750000000000001	0.2963344597114174
1.28	0.29622991656753944
1.285	0.29612624382835423
1.2899999999999998	0.29602343077260224
1.295	0.29592146685268
1.2999999999999998	0.29582034169117866
1.305	0.2957200450774922
1.3099999999999998	0.29562056696451605
1.315	0.2955218974654245
1.3199999999999998	0.29542402685050795
1.325	0.2953269455440983
1.3299999999999998	0.2952306441215667
1.335	0.2951351133063778
1.3399999999999999	0.29504034396722045
1.345	0.2949463271152104
1.3499999999999999	0.29485305390114025
1.355	0.29476051561280425
1.3599999999999999	0.29466870367238424
1.365	0.2945776096338911
1.3699999999999999	0.29448722518065723
1.375	0.2943975421229012
1.38	0.29430855239533565
1.385	0.29422024805482655
1.39	0.29413262127811574
1.395	0.2940456643595822
1.4	0.2939593697090571
1.405	0.293873729849698
1.41	0.293788737415877
1.415	0.2937043851511656
1.42	0.2936206659063134
1.425	0.2935375726372987
1.43	0.2934550984034179
1.435	0.2933732363654155
1.44	0.29329197978364085
1.445	0.2932113220162637
1.45	0.29313125651752286
1.455	0.293051776835998
1.46	0.2929728766129373
1.465	0.2928945495806146
1.47	0.29281678956070595
1.475	0.2927395904627283
1.48	0.2926629462824837
1.485	0.29258685110055016
1.49	0.2925112990808115
1.495	0.29243628446899156
1.5	0.2923618015912479
1.5050000000000001	0.29228784485277653
1.51	0.29221440873644433
1.5150000000000001	0.2921414878014673
1.52	0.29206907668209253
1.5250000000000001	0.29199717008632664
1.53	0.2919257627946748
1.5350000000000001	0.2918548496589135
1.54	0.29178442560088996
1.5450000000000002	0.29171448561133717
1.55	0.29164502474871806
1.555	0.2915760381380979
1.5599999999999998	0.29150752097003096
1.565	0.2914394684994607
1.5699999999999998	0.2913718760446693
1.575	0.2913047389862231
1.5799999999999998	0.29123805276594367
1.585	0.29117181288590865
1.5899999999999999	0.29110601490746285
1.595	0.2910406544502487
1.5999999999999999	0.2909757271912648
1.605	0.2909112288639298
1.6099999999999999	0.2908471552571712
1.615	0.2907835022145343
1.6199999999999999	0.2907202656333032
1.625	0.29065744146364036
1.63	0.29059502570773993
1.635	0.29053301441900375
1.64	0.29047140370122804
1.645	0.29041018970780325
1.65	0.29034936864093974
1.655	0.29028893675088285
1.66	0.2902288903351819
1.665	0.29016922573793813
1.67	0.29010993934908025
1.675	0.2900510276036549
1.68	0.2899924869811334
1.685	0.2899343140047115
1.69	0.28987650524064207
1.695	0.28981905729759266
1.7	0.2897619668259613
1.705	0.28970523051727176
1.71	0.28964884510352523
1.715	0.2895928073566076
1.72	0.2895371140876654
1.725	0.2894817621465284
1.73	0.2894267484211122
1.735	0.2893720698368775
1.74	0.2893177233562248
1.745	0.2892637059779882
1.75	0.2892100147368558
1.7550000000000001	0.28915664670287333
1.76	0.28910359898088966
1.7650000000000001	0.2890508687100639
1.77	0.28899845306336197
1.7750000000000001	0.28894634924704554
1.78	0.28889455450019486
1.7850000000000001	0.2888430660942385
1.79	0.2887918813324728
1.7950000000000002	0.28874099754959953
1.8	0.2886904121112794
1.8050000000000002	0.28864012241367765
1.81	0.2885901258830357
1.8150000000000002	0.28854041997523444
1.82	0.288491002175367
1.825	0.28844186999732985
1.8299999999999998	0.28839302098341224
1.835	0.28834445270388326
1.8399999999999999	0.28829616275661923
1.845	0.28824814876669247
1.8499999999999999	0.28820040838599537
1.855	0.2881529392928712
1.8599999999999999	0.28810573919174026
1.865	0.28805880581273646
1.8699999999999999	0.2880121369113444
1.875	0.28796573026805594
1.88	0.28791958368801845
1.885	0.2878736950007051
1.89	0.28782806205956674
1.895	0.28778268274171465
1.9	0.2877375549475842
1.905	0.28769267660062875
1.91	0.28764804564700125
1.915	0.28760366005524507
1.92	0.28755951781599837
1.925	0.28751561694167976
1.93	0.2874719554662159
1.935	0.28742853144473396
1.94	0.28738534295329343
1.945	0.28734238808859147
1.95	0.28729966496769754
1.955	0.28725717172778525
1.96	0.28721490652585435
1.965	0.28717286753847665
1.97	0.28713105296154184
1.975	0.2870894610099951
1.98	0.28704808991759334
1.985	0.2870069379366402
1.99	0.2869660033377849
1.995	0.2869252844097446
2.	0.28688477945908225