0.2	0.4179092058929857
0.20500000000000002	0.42905007985286897
0.21000000000000002	0.437653088479148
0.21500000000000002	0.4443180382309423
0.22	0.44948192305262985
0.225	0.45347037869825274
0.23	0.4565304208158214
0.23500000000000001	0.4588521482121838
0.24000000000000002	0.46058360891182815
0.245	0.46184125716698027
0.25	0.4627174726321588
0.255	0.4632860679519867
0.26	0.4636063869727535
0.265	0.46372639594660553
0.27	0.463685042940869
0.275	0.46351407754708684
0.28	0.4632394673637577
0.28500000000000003	0.4628825097336197
0.29000000000000004	0.4624607107887462
0.29500000000000004	0.4619884851752016
0.3	0.46147771643141094
0.305	0.4609382082609217
0.31	0.46037804978554225
0.315	0.4598039125495025
0.32	0.4592212930579817
0.325	0.45863471161561564
0.33	0.4580478759279328
0.335	0.4574638161583674
0.34	0.4568849967629501
0.34500000000000003	0.4563134093568161
0.35	0.4557506500294634
0.355	0.4551979838656626
0.36	0.4546563989058351
0.365	0.4541266513630774
0.37	0.453609303580643
0.375	0.4531047559457464
0.38	0.45261327375933247
0.385	0.45213500988625016
0.39	0.4516700238678155
0.395	0.45121829806247743
0.4	0.4507797512851158
0.405	0.4503542503373054
0.41000000000000003	0.44994161975646674
0.41500000000000004	0.4495416500585995
0.42	0.4491541047052034
0.425	0.448778725988364
0.43	0.44841523999748545
0.435	0.4480633608056952
0.44	0.4477227939926537
0.445	0.4473932396026452
0.45	0.4470743946218374
0.455	0.4467659550459636
0.46	0.4464676175990474
0.465	0.44617908115478583
0.47	0.44590004790460874
0.475	0.4456302243099703
0.48	0.44536932187096506
0.485	0.44511705773869314
0.49	0.444873155194851
0.495	0.44463734401863203
0.5	0.4444093607581496
0.505	0.4441889489211262
0.51	0.44397585909748527
0.515	0.4437698490246821
0.52	0.44357068360505625
0.525	0.44337813488317257
0.53	0.44319198198996784
0.535	0.4430120110595475
0.54	0.44283801512363846
0.545	0.4426697939879708
0.55	0.4425071540942518
0.555	0.4423499083708465
0.56	0.442197876074829
0.5650000000000001	0.4420508826276613
0.5700000000000001	0.4419087594464208
0.5750000000000001	0.44177134377219834
0.5800000000000001	0.44163847849703924
0.5850000000000001	0.44151001199057166
0.5900000000000001	0.4413857979272909
0.5950000000000001	0.44126569511529407
0.6000000000000001	0.4411495673271255
0.6050000000000001	0.4410372831332793
0.6100000000000001	0.4409287157387841
0.6150000000000001	0.44082374282323294
0.62	0.44072224638452023
0.625	0.4406241125865012
0.63	0.4405292316107252
0.635	0.44043749751235106
0.64	0.44034880808030985
0.645	0.4402630647017506
0.65	0.44018017223077277
0.655	0.44010003886143034
0.66	0.440022576004964
0.665	0.4399476981712129
0.67	0.4398753228541346
0.675	0.43980537042135714
0.6799999999999999	0.4397377640076728
0.6849999999999999	0.4396724294123848
0.69	0.4396092950004024
0.695	0.439548291606987
0.7	0.4394893524460361
0.705	0.439432413021811
0.71	0.43937741104398315
0.715	0.4393242863459077
0.72	0.43927298080600474
0.725	0.4392234382721507
0.73	0.4391756044889656
0.735	0.4391294270279039
0.74	0.43908485522003593
0.745	0.4390418400914319
0.75	0.43900033430104146
0.755	0.4389602920809862
0.76	0.43892166917916087
0.765	0.4388844228040651
0.77	0.4388485115717759
0.775	0.43881389545497446
0.78	0.43878053573395065
0.785	0.43874839494950935
0.79	0.4387174368576959
0.7949999999999999	0.4386876263862768
0.7999999999999999	0.43865892959290104
0.8049999999999999	0.4386313136248753
0.8099999999999999	0.4386047466804901
0.815	0.4385791979718329
0.82	0.4385546376890326
0.825	0.4385310369658691
0.83	0.43850836784670316
0.835	0.4384866032546669
0.84	0.4384657169610662
0.845	0.4384456835559473
0.8500000000000001	0.4384264784197741
0.8550000000000001	0.4384080776961862
0.8600000000000001	0.43839045826577466
0.8650000000000001	0.4383735977208517
0.8700000000000001	0.43835747434116323
0.8750000000000001	0.43834206707051077
0.8800000000000001	0.4383273554942509
0.8850000000000001	0.43831331981762295
0.8900000000000001	0.43829994084488944
0.8950000000000001	0.4382871999592445
0.9000000000000001	0.4382750791034618
0.905	0.4382635607612597
0.91	0.43825262793934533
0.915	0.43824226415011536
0.92	0.4382324533949893
0.925	0.43822318014834793
0.93	0.4382144293420524
0.935	0.4382061863505201
0.9400000000000001	0.43819843697634514
0.9450000000000001	0.43819116743642544
0.9500000000000001	0.43818436434859304
0.9550000000000001	0.4381780147187159
0.96	0.43817210592826256
0.965	0.4381666257223013
0.97	0.43816156219792907
0.975	0.43815690379310396
0.98	0.4381526392758686
0.985	0.4381487577339533
0.99	0.43814524856473647
0.995	0.4381421014655599
1.	0.4381393064243735
1.005	0.4381368537107041
1.01	0.43813473386693785
1.0150000000000001	0.4381329376998961
1.02	0.43813145627270345
1.0250000000000001	0.43813028089692885
1.03	0.4381294031249946
1.0350000000000001	0.4381288147428437
1.04	0.4381285077628508
1.0450000000000002	0.4381284744169749
1.05	0.43812870715013613
1.0550000000000002	0.43812919861382005
1.06	0.4381299416598855
1.0650000000000002	0.4381309293345906
1.07	0.43813215487280033
1.075	0.4381336116923976
1.08	0.43813529338887125
1.085	0.4381371937300825
1.09	0.4381393066511986
1.095	0.4381416262498015
1.1	0.438144146781139
1.105	0.4381468626535444
1.11	0.43814976842399106
1.115	0.4381528587937988
1.12	0.4381561286044709
1.125	0.4381595728336691
1.13	0.4381631865913097
1.135	0.43816696511579106
1.14	0.4381709037703306
1.145	0.4381749980394287
1.15	0.43817924352543064
1.155	0.4381836359452064
1.16	0.43818817112692837
1.165	0.43819284500694916
1.17	0.43819765362677593
1.175	0.4382025931301431
1.18	0.43820765976016696
1.1849999999999998	0.4382128498565928
1.19	0.4382181598531256
1.1949999999999998	0.43822358627483937
1.2	0.4382291257356683
1.2049999999999998	0.4382347749359687
1.21	0.4382405306601665
1.2149999999999999	0.4382463897744551
1.22	0.43825234922458434
1.2249999999999999	0.438258406033701
1.23	0.43826455730025676
1.2349999999999999	0.4382708001959842
1.2399999999999998	0.43827713196391976
1.2449999999999999	0.4382835499165037
1.2499999999999998	0.4382900514337175
1.255	0.4382966339612857
1.2599999999999998	0.43830329500893234
1.265	0.43831003214868
1.2699999999999998	0.43831684301320456
1.275	0.438323725294235
1.2799999999999998	0.4383306767410022
1.285	0.43833769515873
1.29	0.4383447784071681
1.295	0.43835192439917214
1.3	0.4383591310993182
1.305	0.4383663965225621
1.31	0.4383737187329347
1.315	0.4383810958422702
1.32	0.4383885260089807
1.325	0.43839600743685353
1.33	0.4384035383738849
1.335	0.43841111711116176
1.34	0.4384187419817438
1.345	0.4384264113596088
1.3499999999999999	0.4384341236586085
1.355	0.4384418773314543
1.3599999999999999	0.4384496708687424
1.365	0.43845750279799206
1.3699999999999999	0.4384653716827171
1.375	0.4384732761215229
1.38	0.4384812147472314
1.385	0.4384891862260165
1.39	0.43849718925658027
1.395	0.4385052225693414
1.4	0.43851328492564284
1.4049999999999998	0.4385213751169926
1.41	0.4385294919643133
1.4149999999999998	0.43853763431721854
1.42	0.4385458010533039
1.4249999999999998	0.4385539910774605
1.43	0.43856220332121
1.4349999999999998	0.4385704367420457
1.44	0.43857869032280256
1.4449999999999998	0.4385869630710415
1.45	0.43859525401844135
1.455	0.43860356222021935
1.46	0.4386118867545601
1.465	0.43862022672205914
1.47	0.4386285812451815
1.475	0.43863694946773363
1.48	0.43864533055435617
1.485	0.43865372369001937
1.49	0.438662128079535
1.495	0.43867054294708724
1.5	0.4386789675357636
1.5050000000000001	0.4386874011071124
1.51	0.4386958429406976
1.515	0.4387042923336703
1.52	0.43871274860036064
1.525	0.4387212110718627
1.53	0.4387296790956432
1.535	0.4387381520351496
1.54	0.43874662926944463
1.545	0.43875511019282915
1.55	0.4387635942144903
1.555	0.43877208075814733
1.56	0.43878056926172443
1.565	0.4387890591770013
1.5699999999999998	0.43879754996930337
1.575	0.43880604111717963
1.5799999999999998	0.43881453211210286
1.585	0.4388230224581608
1.5899999999999999	0.4388315116717649
1.595	0.4388399992813758
1.5999999999999999	0.43884848482721056
1.605	0.4388569678609822
1.6099999999999999	0.4388654479456265
1.615	0.43887392465505076
1.6199999999999999	0.4388823975738751
1.6249999999999998	0.4388908662971944
1.63	0.43889933043033147
1.6349999999999998	0.43890778958860593
1.64	0.4389162433971022
1.6449999999999998	0.4389246914904559
1.65	0.4389331335126208
1.6549999999999998	0.4389415691166708
1.66	0.4389499979645852
1.6649999999999998	0.4389584197270455
1.67	0.4389668340832449
1.675	0.4389752407206859
1.68	0.4389836393349993
1.685	0.438992029629755
1.69	0.43900041131628453
1.695	0.439008784113511
1.7	0.4390171477477646
1.705	0.4390255019526316
1.71	0.43903384646877747
1.715	0.43904218104380005
1.72	0.4390505054320576
1.725	0.43905881939453706
1.73	0.4390671226986824
1.7349999999999999	0.43907541511827025
1.74	0.43908369643325545
1.7449999999999999	0.4390919664296415
1.75	0.4391002248993342
1.755	0.4391084716400204
1.76	0.4391167064550331
1.765	0.4391249291532225
1.77	0.4391331395488465
1.775	0.4391413374614287
1.78	0.43914952271565966
1.785	0.4391576951412746
1.7899999999999998	0.439165854572942
1.795	0.4391740008501455
1.7999999999999998	0.4391821338170906
1.805	0.4391902533225979
1.8099999999999998	0.43919835921998485
1.815	0.4392064513669844
1.8199999999999998	0.4392145296256373
1.825	0.439222593862199
1.8299999999999998	0.4392306439470449
1.835	0.4392386797545803
1.84	0.4392467011631447
1.845	0.4392547080549407
1.85	0.4392627003159269
1.855	0.4392706778357535
1.86	0.4392786405076637
1.865	0.43928658822843303
1.87	0.43929452089827004
1.875	0.43930243842075484
1.8800000000000001	0.43931034070276176
1.885	0.4393182276543777
1.8900000000000001	0.4393260991888485
1.895	0.439333955222487
1.9	0.43934179567462267
1.905	0.4393496204675274
1.91	0.4393574295263474
1.915	0.43936522277904194
1.92	0.4393730001563261
1.925	0.4393807615916037
1.93	0.4393885070209041
1.935	0.43939623638283354
1.94	0.4394039496185106
1.945	0.4394116466715121
1.95	0.4394193274878196
1.9549999999999998	0.4394269920157615
1.96	0.43943464020596845
1.9649999999999999	0.43944227201131403
1.97	0.4394498873868727
1.9749999999999999	0.4394574862898581
1.98	0.4394650686795898
1.9849999999999999	0.43947263451743185
1.99	0.4394801837667643
1.9949999999999999	0.43948771639291956
2.	0.43949523236315174