0.2	0.19000819768385155
0.20500000000000002	0.19547321773659762
0.21000000000000002	0.19959326378687617
0.21500000000000002	0.2026920430439307
0.22	0.20500326888450005
0.225	0.20669998076681878
0.23	0.20791283573009675
0.23500000000000001	0.20874205338970914
0.24000000000000002	0.20926550264145372
0.245	0.2095443377072389
0.25	0.20962702110722467
0.255	0.20955225309547174
0.26	0.20935114119100004
0.265	0.20904883042557437
0.27	0.20866574389779538
0.275	0.2082185372755486
0.28	0.207720840417285
0.28500000000000003	0.2071838386292774
0.29000000000000004	0.20661673180624454
0.29500000000000004	0.20602709967445043
0.30000000000000004	0.20542119420118873
0.305	0.20480417505942713
0.31	0.20418030024718914
0.315	0.20355308115583148
0.32	0.20292540928320096
0.325	0.20229966020383977
0.33	0.20167777920267013
0.335	0.20106135205344944
0.34	0.20045166370829964
0.345	0.1998497471083046
0.35	0.19925642388961423
0.355	0.19867233841647955
0.36	0.19809798630103273
0.365	0.19753373835344654
0.37	0.1969798607332179
0.375	0.19643653193342353
0.38	0.19590385711772598
0.385	0.1953818802391192
0.39	0.19487059429557382
0.395	0.1943699500174775
0.4	0.1938798632324159
0.405	0.19340022111228108
0.41000000000000003	0.1929308874742702
0.41500000000000004	0.19247170727969526
0.42000000000000004	0.192022510451619
0.42500000000000004	0.1915831151132781
0.43000000000000005	0.19115333033338325
0.43500000000000005	0.19073295845111793
0.44	0.1903217970425499
0.445	0.1899196405808438
0.45	0.18952628183481907
0.455	0.18914151304378465
0.46	0.18876512690099842
0.465	0.18839691737337058
0.47000000000000003	0.1880366803810299
0.47500000000000003	0.18768421435696347
0.48000000000000004	0.18733932070405207
0.48500000000000004	0.1870018041643552
0.49	0.1866714731134006
0.495	0.18634813979043172
0.5	0.18603162047403485
0.505	0.18572173561124614
0.51	0.18541830990711383
0.515	0.1851211723807179
0.52	0.18483015639281897
0.525	0.18454509964958885
0.53	0.1842658441862606
0.535	0.18399223633399997
0.54	0.1837241266728441
0.545	0.18346136997315698
0.55	0.18320382512770533
0.5549999999999999	0.182951355076167
0.56	0.18270382672362714
0.565	0.18246111085439218
0.5700000000000001	0.18222308204226492
0.575	0.18198961855825788
0.5800000000000001	0.18176060227657212
0.585	0.18153591857955556
0.5900000000000001	0.18131545626223514
0.595	0.18109910743693183
0.6000000000000001	0.18088676743838666
0.605	0.18067833472975062
0.6100000000000001	0.1804737108097367
0.615	0.18027280012117727
0.62	0.18007550996118557
0.625	0.17988175039308174
0.63	0.17969143416021024
0.635	0.17950447660174565
0.64	0.1793207955705596
0.645	0.1791403113532034
0.65	0.17896294659203763
0.655	0.17878862620952782
0.66	0.17861727733471297
0.665	0.17844882923183822
0.67	0.17828321323114252
0.675	0.17812036266177086
0.6799999999999999	0.17796021278678917
0.685	0.17780270074026175
0.69	0.17764776546635716
0.6950000000000001	0.1774953476604365
0.7	0.1773453897120816
0.7050000000000001	0.17719783565001562
0.71	0.17705263108886485
0.7150000000000001	0.17690972317771714
0.72	0.17676906055042188
0.7250000000000001	0.17663059327758404
0.73	0.17649427282019853
0.7350000000000001	0.17636005198487897
0.74	0.1762278848806243
0.7450000000000001	0.1760977268770817
0.75	0.1759695345642498
0.7550000000000001	0.17584326571358067
0.76	0.17571887924042573
0.7650000000000001	0.1755963351677903
0.77	0.1754755945913426
0.7750000000000001	0.1753566196456373
0.78	0.1752393734715145
0.7849999999999999	0.17512382018462458
0.79	0.1750099248450472
0.7949999999999999	0.17489765342796196
0.8	0.17478697279533126
0.8049999999999999	0.1746778506685624
0.81	0.17457025560211262
0.815	0.17446415695800027
0.8200000000000001	0.17435952488119458
0.825	0.1742563302758445
0.8300000000000001	0.17415454478232584
0.835	0.174054140755067
0.8400000000000001	0.17395509124113168
0.845	0.17385736995952816
0.8500000000000001	0.17376095128121866
0.855	0.17366581020980493
0.8600000000000001	0.1735719223628617
0.865	0.17347926395389934
0.8700000000000001	0.1733878117749287
0.875	0.17329754317960747
0.8800000000000001	0.17320843606694902
0.885	0.17312046886556737
0.8900000000000001	0.1730336205184476
0.895	0.17294787046821422
0.9000000000000001	0.17286319864288455
0.905	0.17277958544208769
0.9099999999999999	0.17269701172373367
0.915	0.17261545879111267
0.9199999999999999	0.17253490838041685
0.925	0.17245534264866
0.9299999999999999	0.17237674416198737
0.935	0.17229909588435854
0.94	0.17222238116659477
0.9450000000000001	0.17214658373576996
0.95	0.17207168768493902
0.9550000000000001	0.1719976774631942
0.96	0.1719245378660259
0.9650000000000001	0.17185225402599386
0.97	0.17178081140368281
0.9750000000000001	0.17171019577894345
0.98	0.17164039324240105
0.9850000000000001	0.17157139018722944
0.99	0.1715031733011738
0.9950000000000001	0.17143572955882044
1.	0.17136904621410304
1.0050000000000001	0.17130311079303082
1.01	0.17123791108664327
1.0150000000000001	0.17117343514417332
1.02	0.17110967126641624
1.0250000000000001	0.17104660799929777
1.03	0.17098423412763195
1.035	0.17092253866906584
1.04	0.17086151086820192
1.045	0.17080114019089407
1.05	0.1707414163187102
1.055	0.17068232914355697
1.06	0.17062386876246113
1.065	0.17056602547249977
1.07	0.17050878976588102
1.075	0.1704521523251604
1.08	0.17039610401860159
1.085	0.17034063589566115
1.09	0.17028573918260695
1.095	0.17023140527826056
1.1	0.17017762574985573
1.105	0.17012439232901713
1.11	0.1700716969078491
1.115	0.17001953153513488
1.12	0.16996788841263882
1.125	0.16991675989151558
1.1300000000000001	0.16986613846881207
1.135	0.16981601678406777
1.1400000000000001	0.1697663876160127
1.145	0.16971724387934584
1.1500000000000001	0.16966857862160845
1.155	0.1696203850201405
1.16	0.16957265637911478
1.165	0.16952538612665385
1.17	0.16947856781202666
1.175	0.16943219510291194
1.18	0.1693862617827414
1.185	0.16934076174811016
1.19	0.16929568900625563
1.195	0.16925103767259775
1.2	0.1692068019683542
1.205	0.16916297621820625
1.21	0.1691195548480326
1.215	0.16907653238269651
1.22	0.16903390344389535
1.2249999999999999	0.16899166274805671
1.23	0.16894980510429863
1.2349999999999999	0.16890832541243506
1.24	0.1688672186610305
1.2449999999999999	0.16882647992551017
1.25	0.16878610436631042
1.255	0.16874608722708243
1.26	0.16870642383293194
1.265	0.1686671095887136
1.27	0.1686281399773577
1.275	0.1685895105582452
1.28	0.16855121696561484
1.285	0.16851325490702024
1.29	0.1684756201618162
1.295	0.16843830857968
1.3	0.16840131607918005
1.305	0.16836463864636467
1.31	0.16832827233339676
1.315	0.16829221325721294
1.32	0.1682564575982203
1.325	0.1682210015990193
1.33	0.16818584156316013
1.335	0.16815097385393063
1.34	0.1681163948931636
1.345	0.16808210116008535
1.35	0.16804808919017822
1.355	0.16801435557407873
1.3599999999999999	0.16798089695649582
1.365	0.16794771003515843
1.3699999999999999	0.16791479155978364
1.375	0.16788213833107005
1.38	0.16784974719971396
1.385	0.1678176150654497
1.39	0.16778573887610723
1.395	0.1677541156266979
1.4	0.16772274235851162
1.405	0.1676916161582448
1.41	0.1676607341571415
1.415	0.16763009353015215
1.42	0.16759969149511564
1.425	0.16756952531195982
1.43	0.16753959228191304
1.435	0.16750988974674177
1.44	0.16748041508799705
1.445	0.16745116572628482
1.45	0.16742213912054518
1.455	0.16739333276735271
1.46	0.16736474420022687
1.465	0.1673363709889676
1.47	0.16730821073898722
1.475	0.16728026109067462
1.48	0.1672525197187637
1.4849999999999999	0.167224984331719
1.49	0.16719765267112827
1.4949999999999999	0.16717052251111658
1.5	0.1671435916577648
1.505	0.16711685794854972
1.51	0.16709031925178391
1.515	0.167063973466076
1.52	0.1670378185198007
1.525	0.16701185237057736
1.53	0.16698607300476156
1.535	0.16696047843694672
1.54	0.16693506670947453
1.545	0.16690983589195652
1.55	0.16688478408080912
1.555	0.1668599093987884
1.56	0.16683520999454501
1.565	0.16681068404218014
1.57	0.1667863297408195
1.575	0.16676214531418146
1.58	0.16673812901016918
1.585	0.16671427910046452
1.59	0.16669059388012328
1.595	0.166667071667193
1.6	0.16664371080232276
1.605	0.1666205096483941
1.6099999999999999	0.16659746659015207
1.615	0.1665745800338405
1.6199999999999999	0.16655184840685486
1.625	0.16652927015738977
1.63	0.16650684375410393
1.635	0.1664845676857855
1.64	0.16646244046102268
1.645	0.16644046060788656
1.65	0.16641862667361648
1.655	0.16639693722430843
1.66	0.16637539084461744
1.665	0.16635398613745572
1.67	0.1663327217237093
1.675	0.16631159624193928
1.68	0.1662906083481196
1.685	0.16626975671534303
1.69	0.16624904003356855
1.695	0.16622845700934435
1.7	0.16620800636555366
1.705	0.16618768684115867
1.71	0.16616749719095156
1.715	0.16614743618530622
1.72	0.16612750260993908
1.725	0.16610769526567243
1.73	0.16608801296820172
1.735	0.16606845454786698
1.74	0.16604901884942974
1.7449999999999999	0.16602970473185255
1.75	0.16601051106808629
1.755	0.1659914367448489
1.76	0.16597248066243053
1.765	0.16595364173447744
1.77	0.16593491888779924
1.775	0.16591631106216653
1.78	0.1658978172101197
1.785	0.16587943629677812
1.79	0.16586116729965403
1.795	0.1658430092084675
1.8	0.16582496102496783
1.805	0.16580702176275372
1.81	0.16578919044710197
1.815	0.16577146611479543
1.82	0.16575384781395497
1.825	0.16573633460387585
1.83	0.1657189255548587
1.835	0.165701619748061
1.84	0.1656844162753304
1.845	0.16566731423905723
1.85	0.1656503127520202
1.855	0.1656334109372375
1.86	0.1656166079278206
1.865	0.16559990286683454
1.8699999999999999	0.16558329490714513
1.875	0.16556678321129717
1.88	0.16555036695135963
1.885	0.16553404530880894
1.89	0.16551781747437935
1.895	0.16550168264794715
1.9	0.16548564003839653
1.905	0.16546968886349342
1.91	0.165453828349767
1.915	0.16543805773237774
1.92	0.1654223762550151
1.925	0.16540678316976076
1.93	0.1653912777369879
1.935	0.1653758592252393
1.94	0.1653605269111168
1.945	0.16534528007917496
1.95	0.1653301180218094
1.955	0.16531504003914996
1.96	0.1653000454389613
1.965	0.1652851335365303
1.97	0.1652703036545753
1.975	0.16525555512313717
1.98	0.16524088727948927
1.985	0.16522629946802772
1.99	0.16521179104019815
1.9949999999999999	0.16519736135437954
2.	0.16518300977580513