0.2	0.20631872704345094
0.20500000000000002	0.21181889526454356
0.21000000000000002	0.21606613787965895
0.21500000000000002	0.21935657496314084
0.22	0.22190594723823356
0.225	0.2238750187017727
0.23	0.2253857391776403
0.23500000000000001	0.22653195906034387
0.24000000000000002	0.22738676857982562
0.245	0.22800766035108236
0.25	0.2284402415358044
0.255	0.22872095289830977
0.26	0.22887909206270357
0.265	0.2289383396178419
0.27	0.22891792394050653
0.275	0.22883351957248538
0.28	0.2286979465277697
0.28500000000000003	0.22852171914914293
0.29000000000000004	0.22831348008633348
0.29500000000000004	0.2280803457449742
0.30000000000000004	0.2278281829413162
0.305	0.22756183169230018
0.31	0.22728528553836724
0.315	0.2270018381722465
0.32	0.22671420317845786
0.325	0.22642461219843224
0.33	0.226134895699348
0.335	0.22584654965079287
0.34	0.22556079073673554
0.345	0.22527860220304294
0.35	0.22500077202745924
0.355	0.22472792477310954
0.36	0.22446054822834374
0.365	0.22419901573005235
0.37	0.2239436049029983
0.375	0.22369451341542937
0.38	0.22345187224448704
0.385	0.22321575685843237
0.39	0.22298619665237893
0.395	0.22276318291682148
0.4	0.22254667557125846
0.405	0.22233660885659864
0.41000000000000003	0.2221328961482463
0.41500000000000004	0.22193543402547827
0.42000000000000004	0.22174410571096217
0.42500000000000004	0.22155878397617998
0.43000000000000005	0.22137933359346842
0.43500000000000005	0.2212056134028158
0.44	0.22103747805104756
0.445	0.22087477945221473
0.45	0.2207173680105981
0.455	0.22056509364150845
0.46	0.22041780661980814
0.465	0.2202753582816374
0.47000000000000003	0.22013760160107732
0.47500000000000003	0.22000439166028854
0.48000000000000004	0.2198755860289718
0.48500000000000004	0.21975104506668833
0.49	0.2196306321596296
0.495	0.2195142139017543
0.5	0.21940166022878735
0.505	0.21929284451236203
0.51	0.21918764362054263
0.515	0.21908593795007753
0.52	0.21898761143496645
0.525	0.21889255153527368
0.53	0.21880064920955344
0.535	0.21871179887377346
0.54	0.21862589834920662
0.545	0.21854284880140215
0.55	0.21846255467204248
0.5549999999999999	0.2183849236052257
0.56	0.21830986636948763
0.565	0.21823729677667725
0.5700000000000001	0.21816713159863516
0.575	0.2180992904824751
0.5800000000000001	0.2180336958651453
0.585	0.21797027288783738
0.5900000000000001	0.2179089493107168
0.595	0.2178496554283707
0.6000000000000001	0.21779232398629814
0.605	0.2177368900987102
0.6100000000000001	0.21768329116785431
0.615	0.2176314668050377
0.62	0.21758135875348175
0.625	0.21753291081311163
0.63	0.2174860687673593
0.635	0.21744078031202943
0.64	0.21739699498626266
0.645	0.2173546641056137
0.65	0.2173137406972454
0.655	0.21727417943723173
0.66	0.21723593658994841
0.665	0.2171989699495263
0.67	0.21716323878333427
0.675	0.2171287037774509
0.6799999999999999	0.21709532698408374
0.685	0.21706307177089
0.69	0.21703190277214773
0.6950000000000001	0.21700178584172997
0.7	0.21697268800782515
0.7050000000000001	0.21694457742935713
0.71	0.21691742335404546
0.7150000000000001	0.216891196078056
0.72	0.2168658669071887
0.7250000000000001	0.21684140811954966
0.73	0.2168177929296539
0.7350000000000001	0.21679499545391032
0.74	0.21677299067743816
0.7450000000000001	0.21675175442216524
0.75	0.2167312633161606
0.7550000000000001	0.21671149476415633
0.76	0.2166924269192107
0.7650000000000001	0.2166740386554722
0.77	0.21665630954199966
0.7750000000000001	0.2166392198175979
0.78	0.2166227503666284
0.7849999999999999	0.2166068826957597
0.79	0.21659159891161567
0.7949999999999999	0.21657688169929057
0.8	0.21656271430169327
0.8049999999999999	0.2165490804996883
0.81	0.21653596459300403
0.815	0.21652335138187245
0.8200000000000001	0.21651122614937776
0.825	0.2164995746444772
0.8300000000000001	0.21648838306567586
0.835	0.21647763804532175
0.8400000000000001	0.21646732663449966
0.845	0.21645743628850042
0.8500000000000001	0.2164479548528391
0.855	0.21643887054980446
0.8600000000000001	0.21643017196551276
0.865	0.2164218480374521
0.8700000000000001	0.2164138880424912
0.875	0.2164062815853387
0.8800000000000001	0.21639901858743413
0.885	0.2163920892762482
0.8900000000000001	0.21638548417498557
0.895	0.21637919409266468
0.9000000000000001	0.21637321011456498
0.905	0.21636752359302577
0.9099999999999999	0.21636212613858222
0.915	0.21635700961142476
0.9199999999999999	0.21635216611317118
0.925	0.21634758797893605
0.9299999999999999	0.21634326776968965
0.935	0.21633919826488804
0.94	0.21633537245537568
0.9450000000000001	0.21633178353653582
0.95	0.2163284249016894
0.9550000000000001	0.21632529013572832
0.96	0.2163223730089757
0.9650000000000001	0.2163196674712609
0.97	0.21631716764620793
0.9750000000000001	0.21631486782572043
0.98	0.21631276246466352
0.9850000000000001	0.21631084617572888
0.99	0.21630911372447972
0.9950000000000001	0.2163075600245688
1.	0.21630618013311984
1.0050000000000001	0.2163049692462695
1.01	0.21630392269486257
1.0150000000000001	0.2163030359402939
1.02	0.21630230457049326
1.0250000000000001	0.21630172429604563
1.03	0.21630129094644346
1.035	0.21630100046646675
1.04	0.21630084891268314
1.045	0.21630083245006748
1.05	0.2163009473487318
1.055	0.21630118998076778
1.06	0.21630155681719143
1.065	0.2163020444249901
1.07	0.216302649464266
1.075	0.2163033686854763
1.08	0.21630419892676037
1.085	0.2163051371113568
1.09	0.2163061802451017
1.095	0.21630732541401468
1.1	0.21630856978195315
1.105	0.21630991058835228
1.11	0.21631134514602932
1.115	0.21631287083906467
1.12	0.21631448512074603
1.125	0.21631618551158155
1.1300000000000001	0.21631796959737332
1.135	0.21631983502735166
1.1400000000000001	0.2163217795123723
1.145	0.21632380082316566
1.1500000000000001	0.2163258967886414
1.155	0.2163280652942499
1.16	0.21633030428039002
1.165	0.21633261174086846
1.17	0.21633498572140664
1.175	0.2163374243181941
1.18	0.2163399256764848
1.185	0.21634248798923766
1.19	0.216345109495799
1.195	0.2163477884806233
1.2	0.21635052327203366
1.205	0.21635331224102125
1.21	0.21635615380007972
1.215	0.21635904640207224
1.22	0.21636198853913732
1.2249999999999999	0.21636497874162458
1.23	0.21636801557706054
1.2349999999999999	0.21637109764915036
1.24	0.21637422359680133
1.2449999999999999	0.21637739209318424
1.25	0.21638060184481578
1.255	0.2163838515906683
1.26	0.21638714010131088
1.265	0.2163904661780688
1.27	0.21639382865221082
1.275	0.21639722638416214
1.28	0.21640065826273222
1.285	0.21640412320437788
1.29	0.21640762015247214
1.295	0.21641114807660727
1.3	0.21641470597190918
1.305	0.21641829285837638
1.31	0.2164219077802347
1.315	0.21642554980531076
1.32	0.21642921802442594
1.325	0.21643291155080288
1.33	0.21643662951949058
1.335	0.21644037108681066
1.34	0.21644413542980712
1.345	0.2164479217457246
1.35	0.21645172925149314
1.355	0.21645555718322795
1.3599999999999999	0.21645940479574718
1.365	0.21646327136209745
1.3699999999999999	0.21646715617309673
1.375	0.21647105853688633
1.38	0.21647497777850044
1.385	0.2164789132394388
1.39	0.2164828642772601
1.395	0.21648683026518167
1.4	0.21649081059168718
1.405	0.21649480466015322
1.41	0.21649881188847714
1.415	0.21650283170872253
1.42	0.216506863566766
1.425	0.2165109069219604
1.43	0.21651496124680575
1.435	0.21651902602662396
1.44	0.2165231007592486
1.445	0.2165271849547191
1.45	0.21653127813498274
1.455	0.21653537983360702
1.46	0.21653948959549826
1.465	0.21654360697662728
1.47	0.21654773154376128
1.475	0.21655186287420397
1.48	0.2165560005555444
1.4849999999999999	0.21656014418540803
1.49	0.2165642933712169
1.4949999999999999	0.216568447729956
1.5	0.21657260688794314
1.505	0.2165767704806103
1.51	0.21658093815228294
1.515	0.21658510955597027
1.52	0.21658928435316196
1.525	0.21659346221362366
1.53	0.21659764281520488
1.535	0.2166018258436441
1.54	0.21660601099238921
1.545	0.21661019796241096
1.55	0.21661438646202907
1.555	0.21661857620673833
1.56	0.2166227669190458
1.565	0.2166269583282991
1.57	0.2166311501705332
1.575	0.21663534218831207
1.58	0.21663953413057882
1.585	0.21664372575250565
1.59	0.2166479168153487
1.595	0.21665210708631114
1.6	0.21665629633840328
1.605	0.2166604843503072
1.6099999999999999	0.21666467090624886
1.615	0.21666885579586917
1.6199999999999999	0.21667303881409775
1.625	0.21667721976103663
1.63	0.21668139844183504
1.635	0.21668557466658056
1.64	0.21668974825017975
1.645	0.216693919012254
1.65	0.2166980867770278
1.655	0.21670225137322421
1.66	0.21670641263396653
1.665	0.2167105703966715
1.67	0.2167147245029591
1.675	0.21671887479855223
1.68	0.2167230211331858
1.685	0.2167271633605145
1.69	0.21673130133802443
1.695	0.21673543492695052
1.7	0.2167395639921837
1.705	0.2167436884021974
1.71	0.21674780802896013
1.715	0.21675192274786287
1.72	0.2167560324376341
1.725	0.21676013698027466
1.73	0.21676423626097321
1.735	0.2167683301680448
1.74	0.21677241859285595
1.7449999999999999	0.21677650142975682
1.75	0.21678057857601324
1.755	0.21678464993174454
1.76	0.21678871539985803
1.765	0.21679277488598428
1.77	0.21679682829842348
1.775	0.21680087554807612
1.78	0.216804916548393
1.785	0.21680895121531574
1.79	0.21681297946722025
1.795	0.21681700122486416
1.8	0.21682101641132984
1.805	0.21682502495198108
1.81	0.21682902677440283
1.815	0.21683302180835853
1.82	0.21683700998573924
1.825	0.21684099124051529
1.83	0.21684496550869292
1.835	0.21684893272826578
1.84	0.21685289283917208
1.845	0.2168568457832558
1.85	0.21686079150421508
1.855	0.21686472994757178
1.86	0.21686866106062025
1.865	0.2168725847923996
1.8699999999999999	0.21687650109364312
1.875	0.21688040991674984
1.88	0.21688431121574311
1.885	0.21688820494623512
1.89	0.21689209106539392
1.895	0.2168959695319059
1.9	0.2168998403059431
1.905	0.2169037033491322
1.91	0.21690755862451844
1.915	0.21691140609653578
1.92	0.2169152457309789
1.925	0.21691907749496944
1.93	0.21692290135692596
1.935	0.21692671728653837
1.94	0.21693052525473772
1.945	0.21693432523366818
1.95	0.21693811719666156
1.955	0.2169419011182078
1.96	0.21694567697393258
1.965	0.21694944474057165
1.97	0.21695320439594373
1.975	0.21695695591892564
1.98	0.2169606992894375
1.985	0.21696443448840144
1.99	0.21696816149773768
1.9949999999999999	0.21697188030033346
2.	0.21697559088002175