0.2	0.1999293106341216
0.20500000000000002	0.20550123549081437
0.21000000000000002	0.2097519098421802
0.21500000000000002	0.21299648605545127
0.22	0.21546346387453869
0.225	0.21732253527756526
0.23	0.2187021124111844
0.23500000000000001	0.21970085261487884
0.24000000000000002	0.220395502420852
0.245	0.22084638739056603
0.25	0.22110134379931157
0.255	0.22119858924796104
0.26	0.22116885319632326
0.265	0.22103698067440009
0.27	0.22082315433597594
0.275	0.22054383576543235
0.28	0.22021249748172214
0.28500000000000003	0.21984019704131744
0.29000000000000004	0.21943603075262508
0.29500000000000004	0.2190074947278
0.30000000000000004	0.21856077399918136
0.305	0.2181009753555008
0.31	0.21763231583280013
0.315	0.2171582760364203
0.32	0.21668172540453232
0.325	0.21620502496240268
0.33	0.21573011192678815
0.335	0.21525856960613554
0.34	0.21479168533555404
0.345	0.21433049863529255
0.35	0.21387584135041718
0.355	0.21342837118975658
0.36	0.2129885998131561
0.365	0.21255691640188362
0.37	0.21213360747568724
0.375	0.21171887358231772
0.38	0.21131284337423364
0.385	0.21091558549718625
0.39	0.21052711864218962
0.395	0.2101474200526315
0.4	0.20977643272935942
0.405	0.2094140715363762
0.41000000000000003	0.20906022837665375
0.41500000000000004	0.20871477658019025
0.42000000000000004	0.2083775746237443
0.42500000000000004	0.20804846928281587
0.43000000000000005	0.2077272983007291
0.43500000000000005	0.2074138926465499
0.44	0.20710807842257936
0.445	0.20680967847295062
0.45	0.20651851373710126
0.455	0.2062344043853667
0.46	0.20595717076842732
0.465	0.20568663420767982
0.47000000000000003	0.20542261764965725
0.47500000000000003	0.2051649462042676
0.48000000000000004	0.20491344758377641
0.48500000000000004	0.20466795245703234
0.49	0.2044282947313682
0.495	0.20419431177284697
0.5	0.203965844574013
0.505	0.20374273787701835
0.51	0.20352484025888862
0.515	0.20331200418474424
0.52	0.20310408603397778
0.525	0.20290094610368944
0.53	0.20270244859307876
0.535	0.20250846157197344
0.54	0.2023188569362286
0.545	0.20213351035234758
0.55	0.20195230119333518
0.5549999999999999	0.20177511246751928
0.56	0.20160183074181776
0.565	0.2014323460607216
0.5700000000000001	0.20126655186207393
0.575	0.20110434489057202
0.5800000000000001	0.2009456251097738
0.585	0.20079029561327508
0.5900000000000001	0.2006382625356226
0.595	0.2004894349634307
0.6000000000000001	0.2003437248471027
0.605	0.200201046913484
0.6100000000000001	0.20006131857971923
0.615	0.1999244598685362
0.62	0.19979039332513807
0.625	0.19965904393584416
0.63	0.1995303390485946
0.635	0.19940420829540254
0.64	0.1992805835168136
0.645	0.19915939868841837
0.65	0.19904058984944073
0.655	0.1989240950334145
0.66	0.19880985420094563
0.665	0.1986978091745515
0.67	0.19858790357555534
0.675	0.19848008276301085
0.6799999999999999	0.19837429377462495
0.685	0.1982704852696396
0.69	0.19816860747363382
0.6950000000000001	0.19806861212520302
0.7	0.19797045242446684
0.7050000000000001	0.1978740829833594
0.71	0.19777945977765396
0.7150000000000001	0.19768654010067055
0.72	0.19759528251861758
0.7250000000000001	0.19750564682751737
0.73	0.19741759401166473
0.7350000000000001	0.19733108620357082
0.74	0.1972460866453402
0.7450000000000001	0.1971625596514377
0.75	0.1970804705727914
0.7550000000000001	0.1969997857621935
0.76	0.19692047254094389
0.7650000000000001	0.1968424991667009
0.77	0.1967658348024924
0.7750000000000001	0.19669044948684294
0.78	0.19661631410498284
0.7849999999999999	0.1965434003610913
0.79	0.1964716807515433
0.7949999999999999	0.19640112853911879
0.8	0.19633171772813787
0.8049999999999999	0.19626342304048955
0.81	0.19619621989252167
0.815	0.1961300843727536
0.8200000000000001	0.19606499322039
0.825	0.19600092380459602
0.8300000000000001	0.19593785410451345
0.835	0.1958757626899822
0.8400000000000001	0.195814628702947
0.845	0.19575443183951974
0.8500000000000001	0.19569515233267362
0.855	0.1956367709355439
0.8600000000000001	0.1955792689053157
0.865	0.19552262798767264
0.8700000000000001	0.19546683040178717
0.875	0.1954118588258331
0.8800000000000001	0.1953576963829987
0.885	0.1953043266279813
0.8900000000000001	0.19525173353394792
0.895	0.1951999014799431
0.9000000000000001	0.1951488152387239
0.905	0.19509845996501257
0.9099999999999999	0.19504882118414554
0.915	0.19499988478110808
0.9199999999999999	0.19495163698993614
0.925	0.19490406438347602
0.9299999999999999	0.19485715386348573
0.935	0.1948108926510666
0.94	0.1947652682774131
0.9450000000000001	0.19472026857486754
0.95	0.1946758816682716
0.9550000000000001	0.19463209596660117
0.96	0.19458890015487426
0.9650000000000001	0.1945462831863238
0.97	0.19450423427482486
0.9750000000000001	0.19446274288756704
0.98	0.19442179873796184
0.9850000000000001	0.1943813917787802
0.99	0.19434151219550633
0.9950000000000001	0.19430215039990797
1.	0.194263297023808
1.0050000000000001	0.1942249429130512
1.01	0.1941870791216669
1.0150000000000001	0.19414969690621015
1.02	0.1941127877202811
1.0250000000000001	0.19407634320921627
1.03	0.19404035520494278
1.035	0.1940048157209947
1.04	0.19396971694767895
1.045	0.19393505124739302
1.05	0.19390081115008387
1.055	0.1938669893488457
1.06	0.19383357869565054
1.065	0.1938005721972106
1.07	0.1937679630109609
1.075	0.19373574444116445
1.08	0.19370390993513664
1.085	0.19367245307957615
1.09	0.19364136759700915
1.095	0.19361064734233685
1.1	0.19358028629948437
1.105	0.1935502785781484
1.11	0.19352061841063975
1.115	0.19349130014881788
1.12	0.19346231826111296
1.125	0.1934336673296346
1.1300000000000001	0.19340534204736617
1.135	0.19337733721543293
1.1400000000000001	0.1933496477404575
1.145	0.19332226863198057
1.1500000000000001	0.19329519499996198
1.155	0.19326842205235065
1.16	0.19324194509271747
1.165	0.1932157595179633
1.17	0.1931898608160836
1.175	0.19316424456399972
1.18	0.19313890642544687
1.185	0.19311384214892233
1.19	0.19308904756569084
1.195	0.19306451858783946
1.2	0.19304025120639517
1.205	0.1930162414894812
1.21	0.19299248558053544
1.215	0.1929689796965668
1.22	0.19294572012646605
1.2249999999999999	0.19292270322935645
1.23	0.1928999254329916
1.2349999999999999	0.19287738323219383
1.24	0.1928550731873365
1.2449999999999999	0.19283299192286282
1.25	0.19281113612584708
1.255	0.1927895025445893
1.26	0.1927680879872539
1.265	0.19274688932053374
1.27	0.19272590346835747
1.275	0.19270512741062593
1.28	0.19268455818198013
1.285	0.19266419287060627
1.29	0.1926440286170644
1.295	0.19262406261315013
1.3	0.1926042921007872
1.305	0.19258471437094488
1.31	0.1925653267625817
1.315	0.19254612666162102
1.32	0.19252711149994683
1.325	0.19250827875442644
1.33	0.19248962594595606
1.335	0.1924711506385368
1.34	0.19245285043836216
1.345	0.1924347229929343
1.35	0.19241676599020657
1.355	0.19239897715773643
1.3599999999999999	0.19238135426186578
1.365	0.19236389510692037
1.3699999999999999	0.19234659753442945
1.375	0.1923294594223576
1.38	0.1923124786843646
1.385	0.19229565326907772
1.39	0.19227898115937875
1.395	0.19226246037171518
1.4	0.19224608895542017
1.405	0.19222986499205508
1.41	0.19221378659476132
1.415	0.19219785190763355
1.42	0.19218205910510094
1.425	0.1921664063913278
1.43	0.1921508919996285
1.435	0.19213551419188943
1.44	0.19212027125801479
1.445	0.1921051615153706
1.45	0.1920901833082591
1.455	0.19207533500738905
1.46	0.19206061500936855
1.465	0.192046021736204
1.47	0.19203155363481264
1.475	0.19201720917654475
1.48	0.1920029868567197
1.4849999999999999	0.19198888519416585
1.49	0.19197490273077827
1.4949999999999999	0.1919610380310816
1.5	0.1919472896818036
1.505	0.1919336562914573
1.51	0.1919201364899361
1.515	0.19190672892811234
1.52	0.19189343227744915
1.525	0.19188024522961564
1.53	0.19186716649611885
1.535	0.19185419480793423
1.54	0.19184132891514827
1.545	0.19182856758661304
1.55	0.19181590960959896
1.555	0.19180335378946398
1.56	0.19179089894932272
1.565	0.19177854392972757
1.57	0.19176628758835623
1.575	0.19175412879969875
1.58	0.1917420664547636
1.585	0.19173009946077857
1.59	0.19171822674090414
1.595	0.19170644723395067
1.6	0.1916947598941019
1.605	0.19168316369064242
1.6099999999999999	0.19167165760769775
1.615	0.19166024064396806
1.6199999999999999	0.19164891181247878
1.625	0.19163767014032806
1.63	0.19162651466844463
1.635	0.19161544445134746
1.64	0.19160445855691413
1.645	0.19159355606614653
1.65	0.1915827360729513
1.655	0.1915719976839133
1.66	0.19156134001808736
1.665	0.19155076220677975
1.67	0.19154026339334296
1.675	0.19152984273297533
1.68	0.19151949939251525
1.685	0.19150923255025543
1.69	0.19149904139574073
1.695	0.19148892512958796
1.7	0.191478882963298
1.705	0.19146891411907718
1.71	0.19145901782965993
1.715	0.1914491933381353
1.72	0.1914394398977762
1.725	0.19142975677187177
1.73	0.19142014323356718
1.735	0.1914105985656989
1.74	0.19140112206063933
1.7449999999999999	0.19139171302014157
1.75	0.19138237075519138
1.755	0.19137309458585236
1.76	0.1913638838411245
1.765	0.19135473785879878
1.77	0.1913456559853203
1.775	0.1913366375756456
1.78	0.19132768199311312
1.785	0.19131878860930426
1.79	0.19130995680391855
1.795	0.19130118596464385
1.8	0.19129247548702877
1.805	0.19128382477436368
1.81	0.19127523323755635
1.815	0.191266700295017
1.82	0.19125822537253823
1.825	0.19124980790318133
1.83	0.1912414473271678
1.835	0.19123314309176354
1.84	0.1912248946511738
1.845	0.19121670146643963
1.85	0.1912085630053241
1.855	0.19120047874222218
1.86	0.19119244815805392
1.865	0.1911844707401611
1.8699999999999999	0.19117654598221887
1.875	0.19116867338413462
1.88	0.19116085245195744
1.885	0.19115308269778375
1.89	0.1911453636396688
1.895	0.19113769480153578
1.9	0.1911300757130942
1.905	0.1911225059097409
1.91	0.19111498493249604
1.915	0.19110751232790077
1.92	0.19110008764794595
1.925	0.19109271044999304
1.93	0.1910853802966928
1.935	0.19107809675590626
1.94	0.19107085940063162
1.945	0.1910636678089313
1.95	0.19105652156385405
1.955	0.1910494202533654
1.96	0.19104236347027886
1.965	0.19103535081218212
1.97	0.1910283818813728
1.975	0.19102145628478745
1.98	0.19101457363393734
1.985	0.1910077335448458
1.99	0.19100093563797607
1.9949999999999999	0.19099417953818046
2.	0.19098746487462648