0.2	0.17747768646315992
0.20500000000000002	0.18316512017046824
0.21000000000000002	0.18741288503829182
0.21500000000000002	0.19057409933185268
0.22	0.1929011224067458
0.225	0.19457942479054408
0.23	0.19574828634388053
0.23500000000000001	0.19651410204447772
0.24000000000000002	0.19695928061003126
0.245	0.19714838692785577
0.25	0.19713249282841222
0.255	0.19695232556122116
0.26	0.19664058775702997
0.265	0.1962236934877352
0.27	0.19572308483116005
0.275	0.19515624200507722
0.28	0.19453746638884822
0.28500000000000003	0.193878493054409
0.29000000000000004	0.1931889738514791
0.29500000000000004	0.19247686120859214
0.30000000000000004	0.19174871508568828
0.305	0.191009949950945
0.31	0.190265034597167
0.315	0.1895176546193925
0.32	0.1887708451431783
0.325	0.1880270997125314
0.33	0.187288459970124
0.335	0.18655658978516157
0.34	0.18583283673037848
0.345	0.1851182832240069
0.35	0.1844137891947022
0.355	0.18372002776727944
0.36	0.1830375151822627
0.365	0.18236663593574806
0.37	0.18170766394508353
0.375	0.18106078040056164
0.38	0.18042608884615
0.385	0.17980362793740953
0.39	0.17919338224763076
0.395	0.17859529143028613
0.4	0.17800925799437958
0.405	0.17743515390693607
0.41000000000000003	0.17687282620198988
0.41500000000000004	0.176322101746587
0.42000000000000004	0.1757827912904021
0.42500000000000004	0.17525469290569173
0.43000000000000005	0.17473759490773186
0.43500000000000005	0.17423127833203705
0.44	0.17373551903305914
0.445	0.17325008945932033
0.45	0.1727747601517387
0.455	0.1723093010049931
0.46	0.1718534823259323
0.465	0.17140707571809125
0.47000000000000003	0.1709698548171807
0.47500000000000003	0.17054159589885803
0.48000000000000004	0.1701220783770495
0.48500000000000004	0.1697110852085148
0.49	0.16930840321713453
0.495	0.16891382334951757
0.5	0.16852714087190723
0.505	0.16814815551698312
0.51	0.16777667158796664
0.515	0.16741249802641556
0.52	0.16705544844921566
0.525	0.16670534115952143
0.53	0.16636199913574348
0.535	0.16602525000212034
0.54	0.1656949259839228
0.545	0.16537086384992344
0.55	0.165052904844396
0.5549999999999999	0.16474089461059876
0.56	0.16443468310742315
0.565	0.16413412452064907
0.5700000000000001	0.16383907717005114
0.575	0.16354940341341673
0.5800000000000001	0.16326496954838698
0.585	0.16298564571289537
0.5900000000000001	0.16271130578486717
0.595	0.16244182728173853
0.6000000000000001	0.1621770912602699
0.605	0.1619169822170523
0.6100000000000001	0.16166138799003957
0.615	0.16141019966138398
0.62	0.16116331146180077
0.625	0.1609206206766504
0.63	0.16068202755388486
0.635	0.16044743521397645
0.64	0.16021674956191984
0.645	0.15998987920137211
0.65	0.1597667353509813
0.655	0.1595472317629299
0.66	0.15933128464370946
0.665	0.1591188125771296
0.67	0.1589097364495533
0.675	0.15870397937734093
0.6799999999999999	0.15850146663648051
0.685	0.15830212559437107
0.69	0.15810588564372718
0.6950000000000001	0.15791267813856308
0.7	0.15772243633221228
0.7050000000000001	0.15753509531734095
0.71	0.15735059196790274
0.7150000000000001	0.15716886488299095
0.72	0.1569898543325337
0.7250000000000001	0.15681350220478468
0.73	0.1566397519555557
0.7350000000000001	0.15646854855914283
0.74	0.15629983846089318
0.7450000000000001	0.1561335695313626
0.75	0.15596969102201455
0.7550000000000001	0.1558081535224122
0.76	0.15564890891885155
0.7650000000000001	0.15549191035439516
0.77	0.15533711219025087
0.7750000000000001	0.1551844699684613
0.78	0.15503394037584864
0.7849999999999999	0.1548854812091807
0.79	0.15473905134151122
0.7949999999999999	0.15459461068965688
0.8	0.15445212018276927
0.8049999999999999	0.1543115417319627
0.81	0.1541728382009679
0.815	0.1540359733777627
0.8200000000000001	0.15390091194716002
0.825	0.15376761946430695
0.8300000000000001	0.15363606232906968
0.835	0.15350620776127125
0.8400000000000001	0.1533780237767498
0.845	0.15325147916421117
0.8500000000000001	0.1531265434628449
0.855	0.15300318694068057
0.8600000000000001	0.15288138057364895
0.865	0.1527610960253361
0.8700000000000001	0.15264230562739503
0.875	0.15252498236059514
0.8800000000000001	0.15240909983648868
0.885	0.1522946322796686
0.8900000000000001	0.1521815545105994
0.895	0.1520698419290017
0.9000000000000001	0.15195947049776604
0.905	0.15185041672738356
0.9099999999999999	0.1517426576608699
0.915	0.15163617085916936
0.9199999999999999	0.15153093438701862
0.925	0.151426926799256
0.9299999999999999	0.15132412712756332
0.935	0.15122251486761668
0.94	0.15112206996664324
0.9450000000000001	0.1510227728113616
0.95	0.15092460421629472
0.9550000000000001	0.15082754541244447
0.96	0.1507315780363133
0.9650000000000001	0.15063668411926198
0.97	0.15054284607719032
0.9750000000000001	0.15045004670053325
0.98	0.15035826914455855
0.9850000000000001	0.15026749691995445
0.99	0.15017771388370518
0.9950000000000001	0.15008890423023366
1.	0.15000105248281145
1.0050000000000001	0.14991414348522317
1.01	0.1498281623936738
1.0150000000000001	0.14974309466894034
1.02	0.14965892606874812
1.0250000000000001	0.14957564264037282
1.03	0.14949323071345608
1.035	0.14941167689303195
1.04	0.1493309680527499
1.045	0.1492510913282974
1.05	0.14917203411101013
1.055	0.14909378404166126
1.06	0.14901632900443088
1.065	0.14893965712104512
1.07	0.1488637567450784
1.075	0.14878861645641997
1.08	0.1487142250558914
1.085	0.14864057156001612
1.09	0.14856764519593266
1.095	0.14849543539645213
1.1	0.14842393179524488
1.105	0.1483531242221683
1.11	0.14828300269871472
1.115	0.14821355743358677
1.12	0.14814477881839347
1.125	0.1480766574234591
1.1300000000000001	0.14800918399374854
1.135	0.1479423494449002
1.1400000000000001	0.14787614485936484
1.145	0.14781056148264776
1.1500000000000001	0.14774559071964866
1.155	0.1476812241311019
1.16	0.14761745343010663
1.165	0.14755427047874897
1.17	0.14749166728481292
1.175	0.14742963599857786
1.18	0.14736816890969542
1.185	0.14730725844415105
1.19	0.14724689716130038
1.195	0.14718707775098352
1.2	0.14712779303071227
1.205	0.14706903594292792
1.21	0.14701079955233162
1.215	0.146953077043277
1.22	0.14689586171723346
1.2249999999999999	0.14683914699030878
1.23	0.14678292639083673
1.2349999999999999	0.14672719355702407
1.24	0.14667194223465174
1.2449999999999999	0.1466171662748383
1.25	0.14656285963185833
1.255	0.1465090163610056
1.26	0.14645563061652142
1.265	0.14640269664956235
1.27	0.14635020880622154
1.275	0.14629816152560307
1.28	0.14624654933792705
1.285	0.14619536686269993
1.29	0.1461446088069137
1.295	0.14609426996329422
1.3	0.14604434520858897
1.305	0.1459948295018982
1.31	0.1459457178830387
1.315	0.14589700547095566
1.32	0.14584868746216373
1.325	0.1458007591292252
1.33	0.14575321581926892
1.335	0.14570605295253836
1.34	0.14565926602097093
1.345	0.14561285058681922
1.35	0.14556680228129545
1.355	0.1455211168032464
1.3599999999999999	0.14547578991786644
1.365	0.14543081745543132
1.3699999999999999	0.1453861953100642
1.375	0.14534191943852862
1.38	0.14529798585905146
1.385	0.1452543906501659
1.39	0.1452111299495852
1.395	0.14516819995310146
1.4	0.14512559691350385
1.405	0.14508331713952888
1.41	0.14504135699482074
1.415	0.1449997128969326
1.42	0.14495838131633237
1.425	0.1449173587754377
1.43	0.1448766418476736
1.435	0.1448362271565504
1.44	0.144796111374751
1.445	0.14475629122325218
1.45	0.14471676347045953
1.455	0.14467752493135372
1.46	0.1446385724666656
1.465	0.14459990298206468
1.47	0.14456151342735699
1.475	0.1445234007957158
1.48	0.1444855621229123
1.4849999999999999	0.14444799448657022
1.49	0.1444106950054441
1.4949999999999999	0.14437366083868697
1.5	0.1443368891851652
1.505	0.1443003772827644
1.51	0.14426412240771813
1.515	0.1442281218739487
1.52	0.14419237303242388
1.525	0.14415687327052532
1.53	0.14412162001142614
1.535	0.14408661071348616
1.54	0.14405184286965877
1.545	0.14401731400690418
1.55	0.1439830216856233
1.555	0.1439489634990952
1.56	0.14391513707293083
1.565	0.1438815400645329
1.57	0.14384817016256968
1.575	0.14381502508646005
1.58	0.1437821025858663
1.585	0.1437494004401947
1.59	0.1437169164581158
1.595	0.14368464847707743
1.6	0.1436525943628461
1.605	0.14362075200904173
1.6099999999999999	0.143589119336688
1.615	0.14355769429377438
1.6199999999999999	0.14352647485481942
1.625	0.14349545902044727
1.63	0.1434646448169718
1.635	0.14343403029598478
1.64	0.14340361353395994
1.645	0.14337339263185359
1.65	0.1433433657147246
1.655	0.14331353093134672
1.66	0.14328388645384782
1.665	0.14325443047733508
1.67	0.1432251612195459
1.675	0.14319607692048564
1.68	0.14316717584209654
1.685	0.14313845626790564
1.69	0.1431099165026973
1.695	0.14308155487219415
1.7	0.1430533697227238
1.705	0.14302535942091368
1.71	0.1429975223533787
1.715	0.14296985692642158
1.72	0.14294236156572881
1.725	0.14291503471608344
1.73	0.14288787484107335
1.735	0.14286088042281886
1.74	0.1428340499616817
1.7449999999999999	0.14280738197600643
1.75	0.1427808750018429
1.755	0.14275452759269108
1.76	0.1427283383192369
1.765	0.14270230576910395
1.77	0.14267642854660592
1.775	0.14265070527249452
1.78	0.14262513458372592
1.785	0.142599715133222
1.79	0.14257444558963964
1.795	0.14254932463714243
1.8	0.14252435097517496
1.805	0.14249952331824306
1.81	0.14247484039570127
1.815	0.14245030095153746
1.82	0.14242590374415592
1.825	0.142401647546191
1.83	0.14237753114428608
1.835	0.14235355333890334
1.84	0.1423297129441292
1.845	0.1423060087874785
1.85	0.1422824397097099
1.855	0.1422590045646369
1.86	0.1422357022189506
1.865	0.14221253155203123
1.8699999999999999	0.14218949145578055
1.875	0.1421665808344431
1.88	0.1421437986044365
1.885	0.14212114369418594
1.89	0.14209861504395813
1.895	0.14207621160569547
1.9	0.14205393234286043
1.905	0.14203177623027644
1.91	0.14200974225397386
1.915	0.14198782941103802
1.92	0.14196603670946073
1.925	0.14194436316798928
1.93	0.14192280781598574
1.935	0.14190136969328104
1.94	0.1418800478500407
1.945	0.14185884134661636
1.95	0.14183774925342083
1.955	0.1418167706507887
1.96	0.14179590462884528
1.965	0.1417751502873762
1.97	0.1417545067357071
1.975	0.14173397309256722
1.98	0.14171354848597742
1.985	0.14169323205311174
1.99	0.1416730229402021
1.9949999999999999	0.14165292030239973
2.	0.1416329233036702