0.2	0.2118619627966752
0.20500000000000002	0.2176072088540317
0.21000000000000002	0.22209211852729668
0.21500000000000002	0.22561435584634934
0.22	0.22839085965537853
0.225	0.2305833009554866
0.23	0.23231430485276505
0.23500000000000001	0.2336782170152865
0.24000000000000002	0.23474848481255495
0.245	0.235582852781775
0.25	0.23622710033158606
0.255	0.23671778050746597
0.26	0.23708425842368688
0.265	0.2373502490417425
0.27	0.2375349909687487
0.275	0.23765415172937088
0.28	0.2377205323612647
0.28500000000000003	0.23774462031668628
0.29000000000000004	0.23773502652173154
0.29500000000000004	0.2376988331577455
0.30000000000000004	0.2376418720663728
0.305	0.2375689488370848
0.31	0.2374840240751859
0.315	0.23739036070210084
0.32	0.23729064415418877
0.325	0.23718708084323448
0.33	0.2370814790946246
0.335	0.23697531589714
0.34	0.23686979211530998
0.345	0.23676587828302825
0.35	0.23666435267985608
0.355	0.23656583306246176
0.36	0.23647080316292052
0.365	0.23637963485795077
0.37	0.23629260674701136
0.375	0.23620991974366903
0.38	0.23613171017690784
0.385	0.23605806081177758
0.39	0.23598901012782694
0.395	0.23592456013587634
0.4	0.23586468296630883
0.405	0.235809326423145
0.41000000000000003	0.23575841866613634
0.41500000000000004	0.2357118721566464
0.42000000000000004	0.2356695869811838
0.42500000000000004	0.23563145364825885
0.43000000000000005	0.2355973554391023
0.43500000000000005	0.23556717038015665
0.44	0.23554077289469844
0.445	0.23551803518210732
0.45	0.23549882836587796
0.455	0.23548302344522895
0.46	0.2354704920799065
0.465	0.23546110723334218
0.47000000000000003	0.23545474369557515
0.47500000000000003	0.23545127850417258
0.48000000000000004	0.2354505912786911
0.48500000000000004	0.23545256448193408
0.49	0.23545708361932033
0.495	0.23546403738602334
0.5	0.23547331777013022
0.505	0.2354848201188703
0.51	0.2354984431739345
0.515	0.23551408908102908
0.52	0.23553166337805967
0.525	0.23555107496569466
0.53	0.2355722360635119
0.535	0.23559506215445608
0.54	0.23561947191993274
0.545	0.23564538716751798
0.55	0.2356727327529622
0.5549999999999999	0.23570143649791417
0.56	0.23573142910456996
0.565	0.23576264406826342
0.5700000000000001	0.23579501758885352
0.575	0.23582848848162433
0.5800000000000001	0.23586299808829592
0.585	0.23589849018863895
0.5900000000000001	0.23593491091310345
0.595	0.23597220865679144
0.6000000000000001	0.23601033399504343
0.605	0.23604923960085328
0.6100000000000001	0.23608888016427648
0.615	0.2361292123139607
0.62	0.23617019454089225
0.625	0.2362117871244219
0.63	0.23625395206061406
0.635	0.23629665299293595
0.64	0.23633985514529426
0.645	0.23638352525740525
0.65	0.236427631522479
0.655	0.23647214352718365
0.66	0.23651703219385084
0.665	0.23656226972487646
0.67	0.23660782954926515
0.675	0.23665368627126354
0.6799999999999999	0.23669981562102582
0.685	0.23674619440724948
0.69	0.23679280047172213
0.6950000000000001	0.23683961264571668
0.7	0.23688661070817224
0.7050000000000001	0.23693377534559867
0.71	0.2369810881136436
0.7150000000000001	0.2370285314002601
0.72	0.23707608839041536
0.7250000000000001	0.2371237430322831
0.73	0.23717148000485777
0.7350000000000001	0.23721928468693976
0.74	0.2372671431274328
0.7450000000000001	0.23731504201690407
0.75	0.23736296866035073
0.7550000000000001	0.23741091095112998
0.76	0.23745885734599637
0.7650000000000001	0.2375067968412081
0.77	0.2375547189496508
0.7750000000000001	0.23760261367894003
0.78	0.2376504715104588
0.7849999999999999	0.23769828337929097
0.79	0.23774604065501215
0.7949999999999999	0.23779373512330132
0.8	0.23784135896833772
0.8049999999999999	0.23788890475594734
0.81	0.23793636541747243
0.815	0.23798373423432323
0.8200000000000001	0.23803100482319225
0.825	0.23807817112189433
0.8300000000000001	0.2381252273758115
0.835	0.23817216812491107
0.8400000000000001	0.23821898819131507
0.845	0.23826568266739756
0.8500000000000001	0.23831224690438474
0.855	0.23835867650143563
0.8600000000000001	0.2384049672951862
0.865	0.23845111534973182
0.8700000000000001	0.2384971169470328
0.875	0.23854296857772264
0.8800000000000001	0.23858866693230343
0.885	0.2386342088927071
0.8900000000000001	0.238679591524213
0.895	0.23872481206770266
0.9000000000000001	0.2387698679322358
0.905	0.23881475668793858
0.9099999999999999	0.2388594760591844
0.915	0.23890402391806131
0.9199999999999999	0.23894839827810851
0.925	0.23899259728831157
0.9299999999999999	0.23903661922734876
0.935	0.23908046249807102
0.94	0.23912412562221438
0.9450000000000001	0.23916760723532443
0.95	0.2392109060818954
0.9550000000000001	0.23925402101070398
0.96	0.23929695097033693
0.9650000000000001	0.2393396950049012
0.97	0.23938225224990994
0.9750000000000001	0.2394246219283358
0.98	0.23946680334682496
0.9850000000000001	0.2395087958920675
0.99	0.23955059902731082
0.9950000000000001	0.2395922122890212
1.	0.23963363528367446
1.0050000000000001	0.2396748676846821
1.01	0.23971590922943714
1.0150000000000001	0.23975675971648303
1.02	0.23979741900279541
1.0250000000000001	0.23983788700117423
1.03	0.2398781636777394
1.035	0.2399182490495312
1.04	0.23995814318220188
1.045	0.23999784618780404
1.05	0.24003735822266903
1.055	0.2400766794853652
1.06	0.24011581021474307
1.065	0.24015475068805733
1.07	0.24019350121916438
1.075	0.24023206215679035
1.08	0.2402704338828714
1.085	0.24030861681095975
1.09	0.2403466113846906
1.095	0.2403844180763152
1.1	0.2404220373852889
1.105	0.24045946983691727
1.11	0.2404967159810567
1.115	0.24053377639086643
1.12	0.2405706516616102
1.125	0.2406073424095064
1.1300000000000001	0.24064384927062524
1.135	0.24068017289982788
1.1400000000000001	0.24071631396975
1.145	0.24075227316982623
1.1500000000000001	0.24078805120535124
1.155	0.2408236487965823
1.16	0.24085906667787516
1.165	0.2408943055968543
1.17	0.24092936631362144
1.175	0.24096424959998863
1.18	0.24099895623874745
1.185	0.2410334870229678
1.19	0.2410678427553225
1.195	0.24110202424743915
1.2	0.2411360323192835
1.205	0.24116986779855998
1.21	0.24120353152014348
1.215	0.24123702432553126
1.22	0.24127034706231784
1.2249999999999999	0.2413035005836903
1.23	0.24133648574794747
1.2349999999999999	0.2413693034180347
1.24	0.2414019544611028
1.2449999999999999	0.24143443974808085
1.25	0.2414667601532679
1.255	0.2414989165539462
1.26	0.24153090983000253
1.265	0.24156274086357282
1.27	0.24159441053869796
1.275	0.24162591974099515
1.28	0.24165726935734216
1.285	0.24168846027557883
1.29	0.24171949338421705
1.295	0.24175036957216411
1.3	0.24178108972846116
1.305	0.24181165474202926
1.31	0.24184206550142953
1.315	0.24187232289463065
1.32	0.24190242780879173
1.325	0.24193238113004853
1.33	0.24196218374331466
1.335	0.24199183653209072
1.34	0.24202134037827758
1.345	0.2420506961620067
1.35	0.24207990476147012
1.355	0.24210896705276125
1.3599999999999999	0.24213788390972993
1.365	0.2421666562038293
1.3699999999999999	0.24219528480398753
1.375	0.24222377057647138
1.38	0.24225211438476565
1.385	0.24228031708945538
1.39	0.2423083795481112
1.395	0.24233630261518896
1.4	0.24236408714192306
1.405	0.24239173397623648
1.41	0.2424192439626447
1.415	0.24244661794217884
1.42	0.24247385675229594
1.425	0.2425009612268109
1.43	0.242527932195818
1.435	0.24255477048562882
1.44	0.2425814769187063
1.445	0.24260805231360466
1.45	0.24263449748491522
1.455	0.2426608132432112
1.46	0.2426870003950018
1.465	0.24271305974268553
1.47	0.2427389920845065
1.475	0.2427647982145166
1.48	0.24279047892253713
1.4849999999999999	0.24281603499412796
1.49	0.24284146721055272
1.4949999999999999	0.2428667763487524
1.5	0.24289196318132034
1.505	0.2429170284764762
1.51	0.2429419729980461
1.515	0.24296679750544303
1.52	0.24299150275364995
1.525	0.24301608949320377
1.53	0.24304055847018427
1.535	0.2430649104262018
1.54	0.243089146098386
1.545	0.24311326621938104
1.55	0.24313727151733688
1.555	0.24316116271590635
1.56	0.24318494053424253
1.565	0.2432086056869951
1.57	0.24323215888431152
1.575	0.24325560083183595
1.58	0.24327893223071692
1.585	0.2433021537776032
1.59	0.24332526616465475
1.595	0.2433482700795454
1.6	0.24337116620547064
1.605	0.24339395522115503
1.6099999999999999	0.24341663780086092
1.615	0.24343921461439894
1.6199999999999999	0.24346168632713738
1.625	0.24348405360001465
1.63	0.2435063170895511
1.635	0.24352847744786082
1.64	0.24355053532266807
1.645	0.24357249135731923
1.65	0.2435943461907986
1.655	0.24361610045774332
1.66	0.24363775478846134
1.665	0.24365930980894676
1.67	0.2436807661408979
1.675	0.24370212440173433
1.68	0.2437233852046152
1.685	0.24374454915846094
1.69	0.24376561686796688
1.695	0.2437865889336272
1.7	0.24380746595175434
1.705	0.24382824851449608
1.71	0.24384893720986306
1.715	0.24386953262174188
1.72	0.24389003532992026
1.725	0.24391044591011027
1.73	0.24393076493396612
1.735	0.24395099296910855
1.74	0.2439711305791482
1.7449999999999999	0.243991178323705
1.75	0.24401113675843406
1.755	0.24403100643504666
1.76	0.24405078790133172
1.765	0.24407048170118353
1.77	0.24409008837462148
1.775	0.24410960845781352
1.78	0.24412904248310197
1.785	0.2441483909790265
1.79	0.24416765447034444
1.795	0.24418683347806047
1.8	0.24420592851944625
1.805	0.2442249401080649
1.81	0.24424386875379547
1.815	0.24426271496286006
1.82	0.2442814792378411
1.825	0.24430016207771166
1.83	0.2443187639778562
1.835	0.24433728543009686
1.84	0.24435572692271523
1.845	0.2443740889404787
1.85	0.2443923719646622
1.855	0.2444105764730735
1.86	0.24442870294008057
1.865	0.2444467518366273
1.8699999999999999	0.2444647236302659
1.875	0.24448261878517655
1.88	0.2445004377621895
1.885	0.24451818101881673
1.89	0.2445358490092667
1.895	0.24455344218447034
1.9	0.24457096099211115
1.905	0.24458840587663822
1.91	0.24460577727929997
1.915	0.24462307563815858
1.92	0.24464030138811968
1.925	0.2446574549609507
1.93	0.244674536785313
1.935	0.24469154728676903
1.94	0.24470848688782199
1.945	0.2447253560079289
1.95	0.24474215506352584
1.955	0.2447588844680507
1.96	0.24477554463196374
1.965	0.24479213596277408
1.97	0.24480865886505934
1.975	0.2448251137404853
1.98	0.24484150098783697
1.985	0.24485782100302628
1.99	0.2448740741791273
1.9949999999999999	0.2448902609063913
2.	0.24490638157226913