0.2	-0.050582343759446036
0.20500000000000002	-0.04788781229086221
0.21000000000000002	-0.04594150671452992
0.21500000000000002	-0.0445108155627463
0.22	-0.04344918299397732
0.225	-0.042659664467414475
0.23	-0.04207556851292425
0.23500000000000001	-0.041649514938977006
0.24000000000000002	-0.04134692760943509
0.245	-0.041141996671209304
0.25	-0.04101508116160192
0.255	-0.04095098555988481
0.26	-0.04093778494885043
0.265	-0.040966004931747686
0.27	-0.041028037023410645
0.275	-0.04111771401163255
0.28	-0.04122999627642782
0.28500000000000003	-0.041360736525594605
0.29000000000000004	-0.04150650089677008
0.29500000000000004	-0.04166443120713775
0.30000000000000004	-0.04183213766854446
0.30500000000000005	-0.04200761445364005
0.31000000000000005	-0.04218917260793577
0.31500000000000006	-0.04237538627519047
0.32000000000000006	-0.04256504924608811
0.32500000000000007	-0.042757139588019945
0.33000000000000007	-0.04295079065679262
0.335	-0.043145267189860295
0.34	-0.04333994547665635
0.34500000000000003	-0.04353429682348433
0.35000000000000003	-0.04372787369832947
0.35500000000000004	-0.0439202980691347
0.36000000000000004	-0.044111251547764775
0.36500000000000005	-0.04430046702844647
0.37000000000000005	-0.04448772156933251
0.37500000000000006	-0.04467283031295636
0.38000000000000006	-0.044855641278698614
0.385	-0.045036030890176396
0.39	-0.04521390012437445
0.395	-0.045389171188634884
0.4	-0.045561784647281216
0.405	-0.045731696932424605
0.41000000000000003	-0.0458988781839744
0.41500000000000004	-0.04606331037249623
0.42000000000000004	-0.046224985665697396
0.425	-0.046383905005244315
0.43	-0.0465400768655605
0.435	-0.046693516170393135
0.44	-0.04684424334640968
0.445	-0.04699228349602498
0.45	-0.04713766567413118
0.455	-0.04728042225551158
0.46	-0.04742058838150911
0.465	-0.04755820147604945
0.47000000000000003	-0.047693300822419966
0.47500000000000003	-0.047825927193334825
0.48000000000000004	-0.04795612252777235
0.48500000000000004	-0.048083929648909396
0.49000000000000005	-0.04820939201818624
0.49500000000000005	-0.04833255352116169
0.5	-0.04845345828135205
0.505	-0.04857215049871857
0.51	-0.04868867430986975
0.515	-0.04880307366740282
0.52	-0.04891539223611519
0.525	-0.04902567330408596
0.53	-0.049133959706869075
0.535	-0.049240293763239934
0.54	-0.04934471722112381
0.545	-0.04944727121248977
0.55	-0.049547996216145085
0.555	-0.04964693202746904
0.56	-0.049744117734251594
0.565	-0.04983959169790502
0.57	-0.049933391539356414
0.575	-0.05002555412908075
0.58	-0.05011611558071389
0.585	-0.05020511124782326
0.59	-0.05029257572340082
0.595	-0.05037854284173475
0.6	-0.05046304568233289
0.605	-0.05054611657562296
0.61	-0.05062778711016256
0.615	-0.05070808814114718
0.62	-0.050787049800029536
0.625	-0.050864701505048446
0.6299999999999999	-0.05094107197254166
0.635	-0.05101618922888078
0.6399999999999999	-0.05109008062293939
0.6449999999999999	-0.051162772838950286
0.6499999999999999	-0.05123429190969012
0.655	-0.05130466322989447
0.66	-0.05137391156983134
0.665	-0.05144206108897242
0.67	-0.05150913534971443
0.675	-0.051575157331080104
0.68	-0.05164014944238758
0.685	-0.05170413353682442
0.6900000000000001	-0.05176713092490962
0.6950000000000001	-0.05182916238781388
0.7000000000000001	-0.051890248190517366
0.7050000000000001	-0.051950408094773436
0.7100000000000001	-0.052009661371887596
0.7150000000000001	-0.052068026815264554
0.72	-0.052125522752738546
0.7250000000000001	-0.052182167058667496
0.73	-0.052237977165796694
0.735	-0.05229297007683883
0.74	-0.05234716237585388
0.7450000000000001	-0.052400570239335365
0.7500000000000001	-0.052453209447056656
0.7550000000000001	-0.05250509539266296
0.7600000000000001	-0.05255624309401192
0.7650000000000001	-0.052606667203231594
0.7700000000000001	-0.05265638201657266
0.7750000000000001	-0.052705401483961585
0.7800000000000001	-0.05275373921835519
0.7850000000000001	-0.052801408504807794
0.7900000000000001	-0.05284842230932527
0.7950000000000002	-0.05289479328748024
0.8000000000000002	-0.0529405337927652
0.8050000000000002	-0.052985655884766836
0.81	-0.05303017133708186
0.8150000000000002	-0.05307409164503391
0.8200000000000001	-0.05311742803315261
0.8250000000000001	-0.05316019146246204
0.8300000000000001	-0.05320239263757953
0.835	-0.0532440420135519
0.84	-0.0532851498026116
0.845	-0.05332572598060826
0.85	-0.053365780293355036
0.855	-0.053405322262751374
0.86	-0.053444361192739674
0.865	-0.05348290617512556
0.87	-0.05352096609512737
0.875	-0.053558549636916
0.88	-0.053595665288854746
0.885	-0.05363232134870014
0.89	-0.05366852592857904
0.895	-0.053704286959839045
0.8999999999999999	-0.05373961219780377
0.905	-0.05377450922630545
0.9099999999999999	-0.05380898546221528
0.9149999999999999	-0.05384304815967786
0.9199999999999999	-0.05387670441438686
0.925	-0.05390996116761094
0.93	-0.053942825210198136
0.935	-0.0539753031863709
0.9400000000000001	-0.05400740159757495
0.9450000000000001	-0.0540391268060051
0.9500000000000001	-0.054070485038138785
0.9550000000000001	-0.054101482388262415
0.9600000000000001	-0.0541321248217051
0.9650000000000001	-0.05416241817813748
0.9700000000000001	-0.05419236817469103
0.9750000000000001	-0.054221980408978895
0.9800000000000001	-0.054251260362165
0.9850000000000001	-0.054280213401751334
0.99	-0.0543088447845063
0.9950000000000001	-0.05433715965900813
1.	-0.05436516306848826
1.0050000000000001	-0.05439285995328859
1.01	-0.05442025515341107
1.0150000000000001	-0.054447353410960644
1.02	-0.0544741593725053
1.0250000000000001	-0.05450067759137852
1.03	-0.05452691252993806
1.0350000000000001	-0.054552868561712424
1.04	-0.054578549973494754
1.0450000000000002	-0.05460396096752408
1.05	-0.05462910566340111
1.0550000000000002	-0.054653988100035605
1.06	-0.054678612237566225
1.0650000000000002	-0.054702981959168784
1.07	-0.054727101072942534
1.0750000000000002	-0.0547509733136511
1.08	-0.054774602344280915
1.0850000000000002	-0.054797991757806704
1.09	-0.05482114507887933
1.0950000000000002	-0.054844065765306364
1.1	-0.054866757209426534
1.105	-0.05488922274003879
1.1099999999999999	-0.054911465623265224
1.115	-0.05493348906453399
1.1199999999999999	-0.05495529620952636
1.125	-0.054976890145729776
1.13	-0.054998273903709136
1.135	-0.05501945045830845
1.14	-0.05504042272995104
1.145	-0.0550611935859123
1.15	-0.05508176584133984
1.155	-0.05510214226040264
1.16	-0.055122325557651515
1.165	-0.05514231839877128
1.17	-0.055162123401867276
1.175	-0.05518174313854438
1.18	-0.05520118013449117
1.185	-0.05522043687111413
1.19	-0.05523951578587765
1.195	-0.055258419273667085
1.2	-0.055277149687494115
1.205	-0.05529570933956588
1.21	-0.055314100501733
1.215	-0.05533232540685739
1.22	-0.05535038624924994
1.225	-0.055368285185784696
1.23	-0.055386024336238404
1.235	-0.05540360578467096
1.24	-0.05542103157960757
1.245	-0.05543830373511345
1.25	-0.055455424231186747
1.2550000000000001	-0.05547239501494092
1.26	-0.05548921800091138
1.2650000000000001	-0.05550589507142878
1.27	-0.05552242807827111
1.2750000000000001	-0.055538818842106
1.28	-0.05555506915378562
1.285	-0.055571180775259035
1.2899999999999998	-0.05558715543895533
1.295	-0.05560299484980306
1.2999999999999998	-0.05561870068455833
1.305	-0.05563427459340584
1.3099999999999998	-0.05564971819956985
1.315	-0.055665033100266485
1.3199999999999998	-0.05568022086769129
1.325	-0.055695283048382865
1.3299999999999998	-0.055710221164764075
1.335	-0.05572503671488903
1.3399999999999999	-0.055739731173680994
1.345	-0.05575430599247654
1.3499999999999999	-0.05576876260006879
1.355	-0.0557831024029346
1.3599999999999999	-0.055797326785902525
1.365	-0.05581143711247568
1.3699999999999999	-0.05582543472445803
1.375	-0.055839320943796095
1.38	-0.055853097071796316
1.385	-0.05586676439014065
1.39	-0.05588032416094574
1.395	-0.05589377762685758
1.4	-0.05590712601256264
1.405	-0.05592037052340151
1.41	-0.05593351234736417
1.415	-0.05594655265403658
1.42	-0.05595949259652465
1.425	-0.05597233330998223
1.43	-0.055985075912742176
1.435	-0.05599772150753698
1.44	-0.05601027117978732
1.445	-0.056022725999837195
1.45	-0.05603508702201344
1.455	-0.05604735528571361
1.46	-0.05605953181458162
1.465	-0.05607161761814684
1.47	-0.05608361369096548
1.475	-0.056095521013480365
1.48	-0.056107340552611136
1.485	-0.056119073260249994
1.49	-0.05613072007596239
1.495	-0.056142281925461064
1.5	-0.05615375972164845
1.5050000000000001	-0.056165154364183394
1.51	-0.05617646674050572
1.5150000000000001	-0.05618769772540327
1.52	-0.05619884818191609
1.5250000000000001	-0.056209918960125435
1.53	-0.05622091089978708
1.5350000000000001	-0.05623182482760997
1.54	-0.05624266155986153
1.5450000000000002	-0.056253421901169824
1.55	-0.05626410664548061
1.555	-0.05627471657551434
1.5599999999999998	-0.056285252463932366
1.565	-0.056295715072561425
1.5699999999999998	-0.056306105153229424
1.575	-0.05631642344676954
1.5799999999999998	-0.0563266706851531
1.585	-0.056336847590684525
1.5899999999999999	-0.056346954874696646
1.595	-0.056356993239848725
1.5999999999999999	-0.0563669633805386
1.605	-0.05637686598004466
1.6099999999999999	-0.05638670171371013
1.615	-0.05639647124824247
1.6199999999999999	-0.05640617524101213
1.625	-0.0564158143414954
1.63	-0.05642538918994104
1.635	-0.056434900419006874
1.64	-0.0564443486524157
1.645	-0.05645373450680281
1.65	-0.0564630585891151
1.655	-0.05647232150180805
1.66	-0.056481523836032575
1.665	-0.056490666178293326
1.67	-0.05649974910511628
1.675	-0.05650877318738907
1.68	-0.05651773898880346
1.685	-0.05652664706472355
1.69	-0.05653549796524168
1.695	-0.05654429223196045
1.7	-0.05655303040123314
1.705	-0.056561713001794245
1.71	-0.05657034055548414
1.715	-0.05657891357842571
1.72	-0.05658743258007476
1.725	-0.056595898063969446
1.73	-0.05660431052761073
1.735	-0.05661267046176694
1.74	-0.05662097835117615
1.745	-0.05662923467487287
1.75	-0.05663743990710519
1.7550000000000001	-0.05664559451455048
1.76	-0.05665369896052909
1.7650000000000001	-0.05666175370016768
1.77	-0.056669759185829886
1.7750000000000001	-0.056677715860242575
1.78	-0.056685624168486354
1.7850000000000001	-0.056693484542876
1.79	-0.05670129741130048
1.7950000000000002	-0.05670906320342413
1.8	-0.05671678233439512
1.8050000000000002	-0.05672445522212096
1.81	-0.05673208227713417
1.8150000000000002	-0.056739663902659845
1.82	-0.0567472005004311
1.825	-0.05675469246544445
1.8299999999999998	-0.05676214019013195
1.835	-0.05676954406075351
1.8399999999999999	-0.05677690445953117
1.845	-0.05678422176631955
1.8499999999999999	-0.05679149635260334
1.855	-0.05679872858725854
1.8599999999999999	-0.05680591883621445
1.865	-0.056813067463301274
1.8699999999999999	-0.05682017482226806
1.875	-0.05682724126652441
1.88	-0.0568342671447965
1.885	-0.05684125280276225
1.89	-0.0568481985815369
1.895	-0.05685510481893037
1.9	-0.056861971847497327
1.905	-0.05686879999741988
1.91	-0.05687558959415756
1.915	-0.05688234096450991
1.92	-0.05688905442106105
1.925	-0.05689573028385675
1.93	-0.05690236886205656
1.935	-0.05690897046837015
1.94	-0.05691553540396013
1.945	-0.056922063974423155
1.95	-0.05692855647232805
1.955	-0.056935013201180044
1.96	-0.056941434447555304
1.965	-0.056947820504282626
1.97	-0.05695417165297415
1.975	-0.056960488179968356
1.98	-0.05696677036526843
1.985	-0.0569730184833688
1.99	-0.05697923281125444
1.995	-0.05698541361654438
2.	-0.0569915611710047