0.2	0.6179621973212719
0.20500000000000002	0.5549218776327736
0.21000000000000002	0.5061749661037446
0.21500000000000002	0.4673451179431013
0.22	0.43567773670301485
0.225	0.40935248420469755
0.23	0.38711817104251034
0.23500000000000001	0.3680864472440453
0.24000000000000002	0.3516091615181524
0.245	0.33720230971479725
0.25	0.3244971547326186
0.255	0.3132078294310211
0.26	0.30310928349286864
0.265	0.2940219161985263
0.27	0.2858006443380992
0.275	0.2783269806527981
0.28	0.2715031981777743
0.28500000000000003	0.265247966734707
0.29000000000000004	0.2594930458587986
0.29500000000000004	0.2541807473854307
0.30000000000000004	0.24926196655287855
0.305	0.24469463838061872
0.31	0.24044251588724744
0.315	0.23647419449217288
0.32	0.23276232660571847
0.325	0.2292829845068513
0.33	0.22601513983366603
0.335	0.22294023551378464
0.34	0.2200418315228998
0.345	0.21730531002206263
0.35	0.21471762856819132
0.355	0.2122671124871796
0.36	0.20994327933799573
0.365	0.20773668981904836
0.37	0.20563882057683505
0.375	0.20364195524672918
0.38	0.20173909074251317
0.385	0.19992385635676788
0.39	0.1981904436700378
0.395	0.19653354561676206
0.4	0.19494830333864013
0.405	0.19343025968549532
0.41000000000000003	0.19197531841073184
0.41500000000000004	0.19057970826167825
0.42000000000000004	0.18923995129113047
0.42500000000000004	0.18795283482050534
0.43000000000000005	0.18671538657135564
0.43500000000000005	0.1855248525538589
0.44	0.18437867736097127
0.445	0.18327448656728318
0.45	0.18221007097398262
0.455	0.18118337247712762
0.46	0.18019247136669136
0.465	0.17923557488957967
0.47000000000000003	0.17831100693176014
0.47500000000000003	0.17741719869333478
0.48000000000000004	0.17655268024645615
0.48500000000000004	0.17571607287974095
0.49	0.17490608214472503
0.495	0.17412149153012224
0.5	0.1733611566985321
0.505	0.17262400022791527
0.51	0.17190900680683993
0.515	0.17121521883833482
0.52	0.17054173241224904
0.525	0.16988769361049533
0.53	0.16925229511340587
0.535	0.16863477307890118
0.54	0.168034404269156
0.545	0.1674505034021218
0.55	0.16688242070756423
0.5549999999999999	0.16632953966943861
0.56	0.1657912749381718
0.565	0.16526707039808744
0.5700000000000001	0.16475639737671444
0.575	0.1642587529838786
0.5800000000000001	0.16377365856981635
0.585	0.1633006582923791
0.5900000000000001	0.16283931778446886
0.595	0.16238922291363664
0.6000000000000001	0.16194997862639476
0.605	0.16152120787066215
0.6100000000000001	0.16110255059022063
0.615	0.16069366278560215
0.62	0.16029421563634916
0.625	0.15990389468006003
0.63	0.1595223990439233
0.635	0.159149440724935
0.64	0.15878474391516145
0.645	0.15842804436883268
0.65	0.15807908880838642
0.655	0.15773763436639393
0.66	0.1574034480612819
0.665	0.15707630630410865
0.67	0.15675599443450408
0.675	0.15644230628373157
0.6799999999999999	0.15613504376297996
0.685	0.15583401647530434
0.69	0.15553904134955782
0.6950000000000001	0.15524994229494787
0.7	0.15496654987484043
0.7050000000000001	0.1546887009985857
0.71	0.15441623863018647
0.7150000000000001	0.15414901151280463
0.72	0.15388687390812164
0.7250000000000001	0.15362968534950328
0.73	0.15337731040824118
0.7350000000000001	0.15312961847215406
0.74	0.15288648353552653
0.7450000000000001	0.1526477839999558
0.75	0.15241340248541252
0.7550000000000001	0.15218322565079828
0.76	0.15195714402354193
0.7650000000000001	0.15173505183776853
0.77	0.1515168468803713
0.7750000000000001	0.1513024303446974
0.78	0.15109170669132324
0.7849999999999999	0.1508845835155357
0.79	0.15068097142131165
0.7949999999999999	0.15048078390105818
0.8	0.15028393722118893
0.8049999999999999	0.15009035031306278
0.81	0.14989994466890383
0.815	0.14971264424255915
0.8200000000000001	0.14952837535482214
0.825	0.1493470666031563
0.8300000000000001	0.1491686487751256
0.835	0.1489930547663791
0.8400000000000001	0.14882021950139587
0.845	0.1486500798586117
0.8500000000000001	0.14848257459815925
0.855	0.14831764429324995
0.8600000000000001	0.1481552312640485
0.865	0.14799527951483257
0.8700000000000001	0.14783773467355796
0.875	0.14768254393404492
0.8800000000000001	0.14752965600075318
0.885	0.14737902103546233
0.8900000000000001	0.14723059060673252
0.895	0.14708431764099436
0.9000000000000001	0.14694015637579946
0.905	0.14679806231497272
0.9099999999999999	0.1466579921856364
0.915	0.14651990389685698
0.9199999999999999	0.14638375650013122
0.925	0.1462495101509699
0.9299999999999999	0.14611712607273117
0.935	0.1459865665211686
0.94	0.14585779475080946
0.9450000000000001	0.14573077498237913
0.95	0.1456054723718072
0.9550000000000001	0.14548185297992675
0.96	0.14535988374363698
0.9650000000000001	0.14523953244821952
0.97	0.1451207677005835
0.9750000000000001	0.14500355890335015
0.98	0.14488787623039243
0.9850000000000001	0.1447736906024885
0.99	0.1446609736645156
0.9950000000000001	0.1445496977635736
1.	0.14443983592720386
1.0050000000000001	0.14433136184289025
1.01	0.14422424983837487
1.0150000000000001	0.1441184748623094
1.02	0.14401401246586687
1.0250000000000001	0.143910838784908
1.03	0.14380893052271776
1.035	0.14370826493361424
1.04	0.1436088198066803
1.045	0.1435105734505571
1.05	0.14341350467784997
1.055	0.14331759279171963
1.06	0.14322281757111657
1.065	0.14312915925792347
1.07	0.14303659854285777
1.075	0.14294511655422013
1.08	0.1428546948450086
1.085	0.14276531538133694
1.09	0.14267696053064724
1.095	0.14258961305105192
1.1	0.14250325608127717
1.105	0.14241787312862314
1.11	0.14233344806122855
1.115	0.14224996509647
1.12	0.1421674087927377
1.125	0.14208576403983206
1.1300000000000001	0.14200501605071764
1.135	0.14192515035240177
1.1400000000000001	0.14184615277846227
1.145	0.14176800945980042
1.1500000000000001	0.1416907068185982
1.155	0.14161423155947822
1.16	0.141538570662839
1.165	0.14146371137783784
1.17	0.14138964121526323
1.175	0.1413163479406214
1.18	0.14124381956938709
1.185	0.1411720443581683
1.19	0.14110101080112955
1.195	0.1410307076223837
1.2	0.14096112377114103
1.205	0.14089224841542977
1.21	0.14082407093841282
1.215	0.14075658093106835
1.22	0.14068976818868395
1.2249999999999999	0.14062362270505177
1.23	0.1405581346676548
1.2349999999999999	0.14049329445419714
1.24	0.14042909262671488
1.2449999999999999	0.14036551992775548
1.25	0.14030256727642892
1.255	0.140240225763371
1.26	0.14017848664762975
1.265	0.14011734135328455
1.27	0.14005678146271985
1.275	0.1399967987172756
1.28	0.13993738500989159
1.285	0.13987853238273443
1.29	0.139820233025972
1.295	0.13976247927107718
1.3	0.139705263589896
1.305	0.13964857858967308
1.31	0.13959241701250938
1.315	0.13953677173090115
1.32	0.13948163574290084
1.325	0.13942700217390294
1.33	0.1393728642691466
1.335	0.13931921539632114
1.34	0.13926604903521642
1.345	0.13921335878346716
1.35	0.13916113834935828
1.355	0.13910938155072994
1.3599999999999999	0.13905808231162212
1.365	0.13900723466038356
1.3699999999999999	0.1389568327305656
1.375	0.13890687075293087
1.38	0.1388573430580742
1.385	0.13880824407175396
1.39	0.1387595683141741
1.395	0.13871131039906728
1.4	0.13866346502715407
1.405	0.13861602699123887
1.41	0.13856899116772214
1.415	0.13852235252040213
1.42	0.13847610609233518
1.425	0.1384302470112872
1.43	0.1383847704848356
1.435	0.13833967179507897
1.44	0.13829494630508066
1.445	0.13825058944961222
1.45	0.13820659673851174
1.455	0.1381629637520087
1.46	0.13811968614367973
1.465	0.13807675963361574
1.47	0.13803418001144424
1.475	0.1379919431326867
1.48	0.13795004491606042
1.4849999999999999	0.1379084813496573
1.49	0.13786724847767026
1.4949999999999999	0.13782634240973124
1.5	0.13778575931653828
1.505	0.13774549542510284
1.51	0.13770554702063503
1.515	0.13766591044711465
1.52	0.13762658210437356
1.525	0.1375875584443418
1.53	0.13754883597737944
1.535	0.13751041126113728
1.54	0.1374722809082418
1.545	0.1374344415817553
1.55	0.13739688999503402
1.555	0.13735962290942838
1.56	0.13732263713331558
1.565	0.1372859295250462
1.57	0.13724949698724112
1.575	0.13721333646632328
1.58	0.137177444958089
1.585	0.13714181949820428
1.59	0.1371064571682386
1.595	0.13707135508880047
1.6	0.13703651042216164
1.605	0.13700192037572761
1.6099999999999999	0.13696758219352417
1.615	0.13693349315800413
1.6199999999999999	0.13689965059270504
1.625	0.13686605185637676
1.63	0.1368326943482233
1.635	0.13679957550122165
1.64	0.1367666927873738
1.645	0.13673404371022302
1.65	0.13670162581520662
1.655	0.13666943666865852
1.66	0.13663747388510944
1.665	0.13660573510041385
1.67	0.13657421799310182
1.675	0.13654292026687642
1.68	0.13651183965677693
1.685	0.13648097393362552
1.69	0.13645032089168524
1.695	0.1364198783598568
1.7	0.13638964419691127
1.705	0.13635961628425786
1.71	0.13632979253963093
1.715	0.13630017090401747
1.72	0.13627074934699515
1.725	0.13624152586372204
1.73	0.13621249847528258
1.735	0.13618366523152303
1.74	0.13615502420806833
1.7449999999999999	0.13612657350502808
1.75	0.1360983112432228
1.755	0.13607023557202597
1.76	0.1360423446688989
1.765	0.13601463672572506
1.77	0.13598710995997573
1.775	0.13595976262086226
1.78	0.13593259296913424
1.785	0.13590559929152168
1.79	0.13587877990032118
1.795	0.13585213311821695
1.8	0.13582565730744997
1.805	0.1357993508284268
1.81	0.1357732120852452
1.815	0.13574723948437284
1.82	0.13572143145886356
1.825	0.13569578646470354
1.83	0.1356703029657956
1.835	0.1356449794645857
1.84	0.135619814456123
1.845	0.1355948064781962
1.85	0.13556995407196024
1.855	0.13554525580275806
1.86	0.1355207102452012
1.865	0.13549631600879694
1.8699999999999999	0.135472071697147
1.875	0.1354479759481335
1.88	0.13542402741096154
1.885	0.13540022474750096
1.89	0.13537656663847134
1.895	0.13535305177832457
1.9	0.1353296788830107
1.905	0.13530644667845387
1.91	0.1352833539099289
1.915	0.13526039931774672
1.92	0.13523758169954506
1.925	0.13521489982024212
1.93	0.13519235250152178
1.935	0.13516993853196654
1.94	0.1351476567595762
1.945	0.13512550601161355
1.95	0.13510348516780932
1.955	0.1350815930644548
1.96	0.1350598286057578
1.965	0.1350381906712154
1.97	0.1350166781854213
1.975	0.13499529005426175
1.98	0.1349740252092109
1.985	0.13495288260391633
1.99	0.13493186118228967
1.9949999999999999	0.13491095992584157
2.	0.13489017779965928