0.2	0.16767624992607952
0.20500000000000002	0.15978458477821428
0.21000000000000002	0.1535282371540656
0.21500000000000002	0.14845060409845276
0.22	0.14425284250150444
0.225	0.14073035886752724
0.23	0.13773794080260723
0.23500000000000001	0.1351694310448291
0.24000000000000002	0.13294528679443227
0.245	0.1310046506593865
0.25	0.12930012129156374
0.255	0.127794202061963
0.26	0.12645682737631625
0.265	0.12526360097803127
0.27	0.1241945165179992
0.275	0.12323301206874396
0.28	0.12236526046499178
0.28500000000000003	0.12157962914228544
0.29000000000000004	0.12086626375330811
0.29500000000000004	0.12021676348692036
0.3	0.11962392522486684
0.305	0.1190815399967774
0.31	0.11858422960856686
0.315	0.11812731444546996
0.32	0.11770670569476786
0.325	0.11731881686398
0.33	0.11696049066919761
0.335	0.11662893825918122
0.34	0.11632168840959652
0.34500000000000003	0.11603654482844973
0.35	0.11577155010105415
0.355	0.11552495510130037
0.36	0.115295192927773
0.365	0.11508085660456283
0.37	0.11488067992942906
0.375	0.11469352096518085
0.38	0.11451834776045175
0.385	0.11435422595849166
0.39	0.11420030801105069
0.395	0.11405582376182832
0.4	0.11392007220259116
0.405	0.11379241423669871
0.41000000000000003	0.11367226631079554
0.41500000000000004	0.11355909479692607
0.42	0.11345241102515774
0.425	0.11335176688165079
0.43	0.11325675089952306
0.435	0.1131669847802718
0.44	0.11308212029228273
0.445	0.11300183650035386
0.45	0.11292583728643941
0.455	0.11285384912714734
0.46	0.11278561909806284
0.465	0.11272091307885997
0.47	0.11265951413648274
0.475	0.11260122106654084
0.48	0.11254584707552764
0.485	0.11249321858858452
0.49	0.11244317416939457
0.495	0.11239556354036057
0.5	0.11235024669262608
0.505	0.11230709307670293
0.51	0.11226598086551645
0.515	0.11222679628260936
0.52	0.11218943298904756
0.525	0.11215379152328539
0.53	0.11211977878886316
0.535	0.11208730758536997
0.54	0.11205629617857578
0.545	0.11202666790608168
0.55	0.11199835081519319
0.555	0.11197127733008447
0.56	0.11194538394559753
0.5650000000000001	0.11192061094528888
0.5700000000000001	0.11189690214159292
0.5750000000000001	0.11187420463614343
0.5800000000000001	0.11185246859852323
0.5850000000000001	0.1118316470618478
0.5900000000000001	0.11181169573375788
0.5950000000000001	0.11179257282152275
0.6000000000000001	0.11177423887007423
0.6050000000000001	0.11175665661191138
0.6100000000000001	0.11173979082789699
0.6150000000000001	0.11172360821807348
0.62	0.1117080772816761
0.625	0.11169316820563525
0.63	0.11167885276087916
0.635	0.11166510420584035
0.64	0.11165189719659757
0.645	0.1116392077031499
0.65	0.11162701293136644
0.655	0.11161529125014999
0.66	0.11160402212347571
0.665	0.11159318604688462
0.67	0.11158276448816443
0.675	0.11157273983185222
0.6799999999999999	0.11156309532733846
0.6849999999999999	0.1115538150402641
0.69	0.11154488380702446
0.695	0.1115362871921046
0.7	0.11152801144811215
0.705	0.11152004347825918
0.71	0.11151237080116626
0.715	0.11150498151780197
0.72	0.111497864280445
0.725	0.1114910082634916
0.73	0.11148440313601324
0.735	0.11147803903595607
0.74	0.11147190654581732
0.745	0.11146599666979974
0.75	0.11146030081224167
0.755	0.11145481075731035
0.76	0.11144951864986101
0.765	0.11144441697737786
0.77	0.11143949855292659
0.775	0.11143475649907322
0.78	0.11143018423270068
0.785	0.1114257754506429
0.79	0.11142152411613751
0.7949999999999999	0.11141742444599524
0.7999999999999999	0.1114134708984742
0.8049999999999999	0.11140965816180888
0.8099999999999999	0.11140598114334997
0.815	0.11140243495927303
0.82	0.1113990149248401
0.825	0.11139571654520215
0.83	0.11139253550658658
0.835	0.1113894676680875
0.84	0.1113865090537138
0.845	0.11138365584500177
0.8500000000000001	0.1113809043738757
0.8550000000000001	0.11137825111596629
0.8600000000000001	0.11137569268416783
0.8650000000000001	0.11137322582263627
0.8700000000000001	0.11137084740098745
0.8750000000000001	0.11136855440881359
0.8800000000000001	0.11136634395046212
0.8850000000000001	0.11136421324012491
0.8900000000000001	0.11136215959707207
0.8950000000000001	0.11136018044118515
0.9000000000000001	0.11135827328868153
0.905	0.1113564357480318
0.91	0.11135466551611298
0.915	0.11135296037447688
0.92	0.11135131818585703
0.925	0.11134973689080749
0.93	0.11134821450448874
0.935	0.11134674911363612
0.9400000000000001	0.11134533887363729
0.9450000000000001	0.11134398200572777
0.9500000000000001	0.11134267679440629
0.9550000000000001	0.11134142158483434
0.96	0.11134021478042308
0.965	0.11133905484057713
0.97	0.11133794027842099
0.975	0.11133686965872075
0.98	0.11133584159585215
0.985	0.11133485475192989
0.99	0.11133390783485897
0.995	0.11133299959664367
1.	0.11133212883168858
1.005	0.11133129437515107
1.01	0.11133049510142759
1.0150000000000001	0.11132972992264703
1.02	0.11132899778729646
1.0250000000000001	0.11132829767880198
1.03	0.11132762861425756
1.0350000000000001	0.11132698964313441
1.04	0.1113263798462264
1.0450000000000002	0.11132579833430224
1.05	0.11132524424711825
1.0550000000000002	0.11132471675239003
1.06	0.11132421504471111
1.0650000000000002	0.11132373834459035
1.07	0.11132328589764769
1.075	0.1113228569733919
1.08	0.11132245086479294
1.085	0.11132206688721101
1.09	0.11132170437751371
1.095	0.11132136269352196
1.1	0.11132104121330097
1.105	0.11132073933414423
1.11	0.11132045647225845
1.115	0.111320192061983
1.12	0.11131994555508481
1.125	0.11131971642017648
1.13	0.11131950414226603
1.135	0.1113193082221538
1.14	0.11131912817577441
1.145	0.11131896353383697
1.15	0.11131881384123582
1.155	0.11131867865663701
1.16	0.11131855755194925
1.165	0.11131845011200932
1.17	0.1113183559339852
1.175	0.11131827462707908
1.18	0.11131820581208521
1.1849999999999998	0.11131814912114645
1.19	0.11131810419705036
1.1949999999999998	0.1113180706934295
1.2	0.11131804827378261
1.2049999999999998	0.11131803661163796
1.21	0.11131803538996529
1.2149999999999999	0.11131804430101434
1.22	0.11131806304585651
1.2249999999999999	0.11131809133444089
1.23	0.11131812888485601
1.2349999999999999	0.11131817542350948
1.2399999999999998	0.11131823068449787
1.2449999999999999	0.11131829440956753
1.2499999999999998	0.111318366347864
1.255	0.11131844625574162
1.2599999999999998	0.11131853389627427
1.265	0.11131862903960553
1.2699999999999998	0.11131873146199482
1.275	0.11131884094615674
1.2799999999999998	0.11131895728101969
1.285	0.11131908026129636
1.29	0.11131920968759093
1.295	0.11131934536580064
1.3	0.11131948710758112
1.305	0.11131963472949623
1.31	0.11131978805351163
1.315	0.11131994690633751
1.32	0.11132011111931799
1.325	0.11132028052890185
1.33	0.11132045497550346
1.335	0.11132063430443857
1.34	0.11132081836474993
1.345	0.11132100700987016
1.3499999999999999	0.1113212000974008
1.355	0.11132139748854011
1.3599999999999999	0.11132159904825553
1.365	0.11132180464515659
1.3699999999999999	0.11132201415184353
1.375	0.11132222744401188
1.38	0.11132244440047494
1.385	0.11132266490379489
1.39	0.1113228888393227
1.395	0.11132311609571814
1.4	0.11132334656452719
1.4049999999999998	0.11132358014029209
1.41	0.111323816720306
1.4149999999999998	0.11132405620427879
1.42	0.111324298495435
1.4249999999999998	0.11132454349876306
1.43	0.11132479112195925
1.4349999999999998	0.11132504127546797
1.44	0.11132529387175802
1.4449999999999998	0.11132554882590355
1.45	0.11132580605494682
1.455	0.11132606547839058
1.46	0.1113263270178147
1.465	0.11132659059665159
1.47	0.11132685614044488
1.475	0.11132712357702561
1.48	0.11132739283533967
1.485	0.1113276638472223
1.49	0.11132793654543084
1.495	0.11132821086502635
1.5	0.11132848674228538
1.5050000000000001	0.11132876411592005
1.51	0.11132904292504227
1.515	0.11132932311181655
1.52	0.11132960461879446
1.525	0.11132988739045493
1.53	0.1113301713727612
1.535	0.11133045651296458
1.54	0.11133074275963353
1.545	0.11133103006286282
1.55	0.111331318374216
1.555	0.11133160764599173
1.56	0.11133189783204694
1.565	0.11133218888713182
1.5699999999999998	0.11133248076772033
1.575	0.11133277343164896
1.5799999999999998	0.11133306683638092
1.585	0.11133336094208479
1.5899999999999999	0.11133365570926251
1.595	0.11133395109966303
1.5999999999999999	0.11133424707546156
1.605	0.11133454360032556
1.6099999999999999	0.11133484063907388
1.615	0.11133513815717978
1.6199999999999999	0.11133543612090419
1.6249999999999998	0.1113357344971066
1.63	0.11133603325493156
1.6349999999999998	0.11133633236236777
1.64	0.11133663178917061
1.6449999999999998	0.1113369315062221
1.65	0.1113372314848723
1.6549999999999998	0.11133753169693998
1.66	0.11133783211559616
1.6649999999999998	0.11133813271396181
1.67	0.11133843346678968
1.675	0.11133873434842373
1.68	0.11133903533464834
1.685	0.11133933640156699
1.69	0.11133963752636909
1.695	0.11133993868623367
1.7	0.11134023985922065
1.705	0.1113405410239672
1.71	0.11134084215949057
1.715	0.11134114324672308
1.72	0.11134144426404953
1.725	0.11134174519386855
1.73	0.11134204601630857
1.7349999999999999	0.11134234671440385
1.74	0.11134264727042202
1.7449999999999999	0.1113429476663014
1.75	0.11134324788562525
1.755	0.11134354791177073
1.76	0.11134384773033076
1.765	0.11134414732545256
1.77	0.11134444668105445
1.775	0.1113447457838276
1.78	0.11134504461898136
1.785	0.11134534317236783
1.7899999999999998	0.11134564143316449
1.795	0.11134593938423042
1.7999999999999998	0.11134623701533948
1.805	0.1113465343153515
1.8099999999999998	0.11134683127037708
1.815	0.11134712786950975
1.8199999999999998	0.11134742410147874
1.825	0.11134771995496406
1.8299999999999998	0.11134801542067503
1.835	0.11134831048623488
1.84	0.11134860514368684
1.845	0.11134889938227321
1.85	0.11134919319232858
1.855	0.11134948656527272
1.86	0.11134977949209757
1.865	0.11135007196455905
1.87	0.11135036397368239
1.875	0.11135065551153304
1.8800000000000001	0.11135094657032421
1.885	0.1113512371423962
1.8900000000000001	0.11135152721963422
1.895	0.11135181679759487
1.9	0.1113521058660145
1.905	0.11135239442008157
1.91	0.11135268245299383
1.915	0.11135296995746673
1.92	0.11135325693013017
1.925	0.11135354336149514
1.93	0.11135382924834537
1.935	0.11135411458427628
1.94	0.11135439936443607
1.945	0.11135468358312225
1.95	0.11135496723675271
1.9549999999999998	0.11135525031678256
1.96	0.11135553282381953
1.9649999999999999	0.11135581474998085
1.97	0.1113560960924055
1.9749999999999999	0.11135637684559635
1.98	0.11135665700673547
1.9849999999999999	0.11135693657152666
1.99	0.11135721553657123
1.9949999999999999	0.11135749389934696
2.	0.11135777165293032