0.2	0.08993738419278602
0.20500000000000002	0.07801819216243167
0.21000000000000002	0.06865161660557455
0.21500000000000002	0.061059936930277406
0.22	0.054753783475224305
0.225	0.049409861757902795
0.23	0.044806018443986406
0.23500000000000001	0.04078455298112294
0.24000000000000002	0.03723041118237951
0.245	0.03405766537937019
0.25	0.031200827244298533
0.255	0.028609092078157705
0.26	0.02624242257666149
0.265	0.02406882139692682
0.27	0.022062392169892243
0.275	0.020201935562814858
0.28	0.018469915935505943
0.28500000000000003	0.016851689435350068
0.29000000000000004	0.015334919605239016
0.29500000000000004	0.013909129516279553
0.30000000000000004	0.012565354670335713
0.30500000000000005	0.011295871217814283
0.31000000000000005	0.010093981116543969
0.31500000000000006	0.008953840798730139
0.32000000000000006	0.007870323409437278
0.32500000000000007	0.006838907186210532
0.33000000000000007	0.0058555843672724785
0.335	0.004916786348916069
0.34	0.004019321800573765
0.34500000000000003	0.0031603251850777082
0.35000000000000003	0.0023372136894961367
0.35500000000000004	0.0015476509966029742
0.36000000000000004	0.0007895166528771547
0.36500000000000005	0.00006088004080418315
0.37000000000000005	-0.0006400218406814373
0.37500000000000006	-0.0013148034301301845
0.38000000000000006	-0.0019649470132572277
0.385	-0.0025918169136340554
0.39	-0.0031966718129966022
0.395	-0.003780675488290962
0.4	-0.00434490620301464
0.405	-0.004890364950257665
0.41000000000000003	-0.005417982712174467
0.41500000000000004	-0.005928626873900669
0.42000000000000004	-0.006423106907997149
0.425	-0.006902179427420636
0.43	-0.0073665526900544565
0.435	-0.00781689062539977
0.44	-0.008253816443652126
0.445	-0.00867791587871821
0.45	-0.009089740109431184
0.455	-0.009489808397089306
0.46	-0.009878610472245421
0.465	-0.01025660869928073
0.47000000000000003	-0.010624240043544732
0.47500000000000003	-0.010981917862656178
0.48000000000000004	-0.011330033540824338
0.48500000000000004	-0.011668957982707525
0.49000000000000005	-0.011999042981310088
0.49500000000000005	-0.012320622472678695
0.5	-0.012634013688655327
0.505	-0.01293951821764492
0.51	-0.013237422982213972
0.515	-0.013528001141360019
0.52	-0.013811512924424006
0.525	-0.014088206402859817
0.53	-0.014358318205430381
0.535	-0.014622074181793093
0.54	-0.01487969001894875
0.545	-0.015131371814563253
0.55	-0.015377316610776409
0.555	-0.015617712891752341
0.56	-0.015852741047918898
0.565	-0.0160825738095635
0.57	-0.016307376652188146
0.575	-0.016527308175832752
0.58	-0.016742520460342154
0.585	-0.01695315939840657
0.59	-0.017159365008018172
0.595	-0.01736127172586349
0.6	-0.017559008683023028
0.605	-0.017752699964255523
0.61	-0.017942464852010287
0.615	-0.018128418056244724
0.62	-0.01831066993101144
0.625	-0.018489326678730943
0.6299999999999999	-0.018664490542953292
0.635	-0.018836259990396176
0.6399999999999999	-0.019004729882950017
0.6449999999999999	-0.01916999164029939
0.6499999999999999	-0.019332133393774063
0.655	-0.01949124013196761
0.66	-0.01964739383865914
0.665	-0.019800673623505422
0.67	-0.01995115584594714
0.675	-0.02009891423274717
0.68	-0.020244019989541926
0.685	-0.020386541906754103
0.6900000000000001	-0.020526546460217517
0.6950000000000001	-0.0206640979068058
0.7000000000000001	-0.020799258375364456
0.7050000000000001	-0.020932087953203032
0.7100000000000001	-0.021062644768428212
0.7150000000000001	-0.021190985068315134
0.72	-0.02131716329395486
0.7250000000000001	-0.02144123215139255
0.73	-0.021563242679450412
0.735	-0.021683244314367973
0.74	-0.02180128495151526
0.7450000000000001	-0.021917411004261304
0.7500000000000001	-0.022031667460175625
0.7550000000000001	-0.02214409793472119
0.7600000000000001	-0.022254744722538602
0.7650000000000001	-0.022363648846455392
0.7700000000000001	-0.022470850104358023
0.7750000000000001	-0.022576387114005787
0.7800000000000001	-0.022680297355901907
0.7850000000000001	-0.022782617214341674
0.7900000000000001	-0.02288338201667253
0.7950000000000002	-0.022982626070936634
0.8000000000000002	-0.023080382701872276
0.8050000000000002	-0.023176684285455995
0.81	-0.023271562282002237
0.8150000000000002	-0.023365047267871804
0.8200000000000001	-0.023457168965903902
0.8250000000000001	-0.023547956274607783
0.8300000000000001	-0.023637437296181223
0.835	-0.023725639363372894
0.84	-0.023812589065313618
0.845	-0.023898312272273545
0.85	-0.02398283415952579
0.855	-0.02406617923016696
0.86	-0.02414837133713386
0.865	-0.024229433704364377
0.87	-0.024309388947090307
0.875	-0.024388259091387424
0.88	-0.024466065593000064
0.885	-0.02454282935545759
0.89	-0.024618570747447523
0.895	-0.024693309619638424
0.8999999999999999	-0.024767065320786995
0.905	-0.024839856713316115
0.9099999999999999	-0.02491170218831018
0.9149999999999999	-0.02498261967993319
0.9199999999999999	-0.02505262667936234
0.925	-0.025121740248203964
0.93	-0.025189977031399937
0.935	-0.02525735326975691
0.9400000000000001	-0.025323884811934157
0.9450000000000001	-0.02538958712611811
0.9500000000000001	-0.02545447531113644
0.9550000000000001	-0.02551856410734584
0.9600000000000001	-0.025581867907068956
0.9650000000000001	-0.025644400764623043
0.9700000000000001	-0.025706176406132084
0.9750000000000001	-0.025767208238856046
0.9800000000000001	-0.025827509360374354
0.9850000000000001	-0.02588709256721811
0.99	-0.025945970363573618
0.9950000000000001	-0.026004154969232442
1.	-0.026061658327753347
1.0050000000000001	-0.026118492113987552
1.01	-0.026174667741534614
1.0150000000000001	-0.02623019636995284
1.02	-0.026285088911697754
1.0250000000000001	-0.02633935603876101
1.03	-0.026393008189298777
1.0350000000000001	-0.026446055573846185
1.04	-0.026498508181402466
1.0450000000000002	-0.026550375785396218
1.05	-0.026601667949373388
1.0550000000000002	-0.02665239403251752
1.06	-0.026702563194981523
1.0650000000000002	-0.026752184403261492
1.07	-0.02680126643493961
1.0750000000000002	-0.026849817883870204
1.08	-0.02689784716470192
1.0850000000000002	-0.026945362517516874
1.09	-0.02699237201239829
1.0950000000000002	-0.02703888355357614
1.1	-0.027084904883697684
1.105	-0.027130443587950213
1.1099999999999999	-0.027175507097812107
1.115	-0.027220102695112835
1.1199999999999999	-0.027264237515560515
1.125	-0.027307918552420752
1.13	-0.02735115266004949
1.135	-0.02739394655719609
1.14	-0.02743630683039916
1.145	-0.027478239937106075
1.15	-0.027519752208883346
1.155	-0.02756084985421126
1.16	-0.027601538961795895
1.165	-0.02764182550311335
1.17	-0.02768171533521976
1.175	-0.027721214203627595
1.18	-0.02776032774474273
1.185	-0.027799061488518594
1.19	-0.027837420860772566
1.195	-0.027875411185874655
1.2	-0.027913037688786793
1.205	-0.027950305497596577
1.21	-0.02798721964558518
1.215	-0.028023785073380374
1.22	-0.028060006631098273
1.225	-0.028095889080450825
1.23	-0.028131437096615718
1.235	-0.02816665527020371
1.24	-0.028201548109207435
1.245	-0.02823612004077331
1.25	-0.028270375412905484
1.2550000000000001	-0.028304318496526027
1.26	-0.02833795348671816
1.2650000000000001	-0.02837128450466331
1.27	-0.028404315599262826
1.2750000000000001	-0.028437050748548843
1.28	-0.028469493861273763
1.285	-0.02850164877866012
1.2899999999999998	-0.028533519275106577
1.295	-0.02856510906057639
1.2999999999999998	-0.02859642178114316
1.305	-0.028627461021039347
1.3099999999999998	-0.028658230303251427
1.315	-0.028688733091271262
1.3199999999999998	-0.028718972790307867
1.325	-0.028748952748438045
1.3299999999999998	-0.028778676257508313
1.335	-0.02880814655485644
1.3399999999999999	-0.028837366824022437
1.345	-0.02886634019581285
1.3499999999999999	-0.028895069749596818
1.355	-0.028923558514308684
1.3599999999999999	-0.028951809469368973
1.365	-0.02897982554586878
1.3699999999999999	-0.029007609627242675
1.375	-0.029035164550412638
1.38	-0.02906249310683929
1.385	-0.029089598043137502
1.39	-0.029116482062075965
1.395	-0.02914314782365807
1.4	-0.029169597945524175
1.405	-0.02919583500397486
1.41	-0.029221861535385533
1.415	-0.02924768003560343
1.42	-0.029273292962330305
1.425	-0.0292987027344004
1.43	-0.02932391173361372
1.435	-0.02934892230508926
1.44	-0.02937373675751087
1.445	-0.02939835736445425
1.45	-0.029422786364940785
1.455	-0.029447025963716882
1.46	-0.02947107833235616
1.465	-0.02949494560940784
1.47	-0.029518629901421758
1.475	-0.02954213328332884
1.48	-0.029565457799351106
1.485	-0.02958860546267291
1.49	-0.029611578257509794
1.495	-0.02963437813805115
1.5	-0.029657007030048983
1.5050000000000001	-0.029679466830764903
1.51	-0.029701759410145228
1.5150000000000001	-0.029723886610590975
1.52	-0.029745850247831294
1.5250000000000001	-0.02976765211146706
1.53	-0.029789293965117574
1.5350000000000001	-0.029810777547063756
1.54	-0.029832104570862945
1.5450000000000002	-0.029853276725691907
1.55	-0.02987429567655541
1.555	-0.029895163064757122
1.5599999999999998	-0.029915880508502718
1.565	-0.029936449603601964
1.5699999999999998	-0.02995687192312918
1.575	-0.02997714901817302
1.5799999999999998	-0.02999728241821134
1.585	-0.03001727363161797
1.5899999999999999	-0.030037124146066557
1.595	-0.030056835427893582
1.5999999999999999	-0.030076408924893907
1.605	-0.030095846063002522
1.6099999999999999	-0.030115148250061608
1.615	-0.03013431687443872
1.6199999999999999	-0.030153353305903192
1.625	-0.03017225889497129
1.63	-0.030191034974482042
1.635	-0.03020968285963991
1.64	-0.030228203847589105
1.645	-0.030246599217978513
1.65	-0.030264870233755136
1.655	-0.030283018141624367
1.66	-0.030301044170586124
1.665	-0.030318949535121015
1.67	-0.030336735431428053
1.675	-0.0303544030425635
1.68	-0.03037195353471312
1.685	-0.030389388058631492
1.69	-0.030406707751280616
1.695	-0.030423913734086754
1.7	-0.030441007114505866
1.705	-0.030457988985062166
1.71	-0.030474860425149197
1.715	-0.030491622499551882
1.72	-0.03050827625966771
1.725	-0.030524822745112968
1.73	-0.030541262979696348
1.735	-0.030557597976603335
1.74	-0.030573828734643035
1.745	-0.03058995624124069
1.75	-0.030605981470571676
1.7550000000000001	-0.030621905385136438
1.76	-0.03063772893634812
1.7650000000000001	-0.030653453061928387
1.77	-0.030669078689525196
1.7750000000000001	-0.03068460673517062
1.78	-0.03070003810260354
1.7850000000000001	-0.030715373685841124
1.79	-0.03073061436732893
1.7950000000000002	-0.030745761018787385
1.8	-0.03076081450128159
1.8050000000000002	-0.030775775666349755
1.81	-0.030790645353376472
1.8150000000000002	-0.030805424393566
1.82	-0.030820113607485797
1.825	-0.030834713805165857
1.8299999999999998	-0.03084922578771736
1.835	-0.030863650347630483
1.8399999999999999	-0.030877988265748148
1.845	-0.03089224031616379
1.8499999999999999	-0.030906407261921728
1.855	-0.030920489857443285
1.8599999999999999	-0.030934488848669946
1.865	-0.03094840497404349
1.8699999999999999	-0.030962238960745875
1.875	-0.030975991529735264
1.88	-0.03098966339276588
1.885	-0.031003255252781456
1.89	-0.031016767806532477
1.895	-0.03103020174136276
1.9	-0.031043557735525147
1.905	-0.031056836461106713
1.91	-0.031070038583996335
1.915	-0.03108316475942551
1.92	-0.031096215636365304
1.925	-0.031109191858689714
1.93	-0.03112209405833724
1.935	-0.031134922864894332
1.94	-0.031147678898122186
1.945	-0.031160362771490095
1.95	-0.031172975091911588
1.955	-0.03118551645903634
1.96	-0.031197987466238298
1.965	-0.03121038870051767
1.97	-0.031222720742357858
1.975	-0.031234984165635117
1.98	-0.03124717953730283
1.985	-0.031259307419398315
1.99	-0.031271368367216154
1.995	-0.03128336292918255
2.	-0.03129529164923463