0.2	0.11662518190533674
0.20500000000000002	0.112676454237134
0.21000000000000002	0.10964731443228731
0.21500000000000002	0.10727761910275427
0.22	0.10539645392361753
0.225	0.1038865941404301
0.23	0.10266481900671087
0.23500000000000001	0.10167035790137997
0.24000000000000002	0.10085778075001339
0.245	0.10019244743301198
0.25	0.09964749634340556
0.255	0.09920179367778469
0.26	0.09883850188254302
0.265	0.09854405837884185
0.27	0.09830743288633295
0.275	0.09811957807312603
0.28	0.0979730169788757
0.28500000000000003	0.09786152889578334
0.29000000000000004	0.09777990724520176
0.29500000000000004	0.09772377085317091
0.3	0.0976894153475692
0.305	0.09767369505945395
0.31	0.09767392836931851
0.315	0.09768782125315686
0.32	0.09771340508708007
0.325	0.09774898571797302
0.33	0.09779310150598322
0.335	0.09784448856412274
0.34	0.09790205181058395
0.34500000000000003	0.0979648407453806
0.35	0.09803202908937053
0.355	0.09810289759836754
0.36	0.09817681950078687
0.365	0.09825324811352851
0.37	0.09833170627455058
0.375	0.09841177729701711
0.38	0.09849309720291843
0.385	0.09857534803661357
0.39	0.09865825209307992
0.395	0.09874156692350601
0.4	0.0988250810035633
0.405	0.09890860996827919
0.41000000000000003	0.09899199333272103
0.41500000000000004	0.09907509163032067
0.42	0.09915778391113962
0.425	0.09923996555108097
0.43	0.09932154633032998
0.435	0.0994024487454013
0.44	0.09948260652429682
0.445	0.09956196331859715
0.45	0.0996404715499719
0.455	0.09971809139168829
0.46	0.09979478986834205
0.465	0.09987054005927841
0.47	0.09994532039309821
0.475	0.10001911402228743
0.48	0.10009190826842926
0.485	0.10016369412966629
0.49	0.10023446584314474
0.495	0.10030422049606404
0.5	0.1003729576797536
0.505	0.10044067918187574
0.51	0.10050738871244418
0.515	0.10057309165986734
0.52	0.1006377948736708
0.525	0.10070150647095312
0.53	0.10076423566396069
0.535	0.10082599260648173
0.54	0.10088678825701547
0.545	0.10094663425690184
0.55	0.1010055428218102
0.555	0.1010635266451563
0.56	0.1011205988121801
0.5650000000000001	0.10117677272355174
0.5700000000000001	0.10123206202750652
0.5750000000000001	0.10128648055960025
0.5800000000000001	0.10134004228930185
0.5850000000000001	0.10139276127268936
0.5900000000000001	0.10144465161062702
0.5950000000000001	0.1014957274118467
0.6000000000000001	0.10154600276041764
0.6050000000000001	0.10159549168716077
0.6100000000000001	0.10164420814458541
0.6150000000000001	0.10169216598498629
0.62	0.1017393789413774
0.625	0.10178586061095568
0.63	0.10183162444083971
0.635	0.10187668371584548
0.64	0.10192105154807579
0.645	0.10196474086813893
0.65	0.10200776441783244
0.655	0.10205013474411048
0.66	0.10209186419422939
0.665	0.10213296491191425
0.67	0.10217344883445967
0.675	0.10221332769064116
0.6799999999999999	0.10225261299936188
0.6849999999999999	0.10229131606894658
0.69	0.10232944799700318
0.695	0.10236701967079706
0.7	0.10240404176806563
0.705	0.10244052475823019
0.71	0.1024764789039481
0.715	0.10251191426296394
0.72	0.10254684069022207
0.725	0.10258126784021268
0.73	0.10261520516949395
0.735	0.10264866193939512
0.74	0.10268164721885384
0.745	0.10271416988736691
0.75	0.10274623863804029
0.755	0.10277786198071973
0.76	0.10280904824517187
0.765	0.10283980558432682
0.77	0.10287014197754182
0.775	0.10290006523389318
0.78	0.10292958299547869
0.785	0.10295870274072116
0.79	0.10298743178765882
0.7949999999999999	0.10301577729724397
0.7999999999999999	0.10304374627659567
0.8049999999999999	0.10307134558224922
0.8099999999999999	0.10309858192335658
0.815	0.10312546186486884
0.82	0.10315199183067111
0.825	0.10317817810668896
0.83	0.10320402684392539
0.835	0.10322954406147954
0.84	0.10325473564950612
0.845	0.10327960737212873
0.8500000000000001	0.10330416487027498
0.8550000000000001	0.10332841366453122
0.8600000000000001	0.10335235915783897
0.8650000000000001	0.10337600663825183
0.8700000000000001	0.10339936128155021
0.8750000000000001	0.10342242815384602
0.8800000000000001	0.10344521221412759
0.8850000000000001	0.10346771831674366
0.8900000000000001	0.10348995121383597
0.8950000000000001	0.10351191555774288
0.9000000000000001	0.10353361590328031
0.905	0.1035550567100715
0.91	0.10357624234474591
0.915	0.10359717708311028
0.92	0.10361786511229484
0.925	0.10363831053280038
0.93	0.10365851736055799
0.935	0.10367848952887053
0.9400000000000001	0.10369823089037948
0.9450000000000001	0.10371774521891372
0.9500000000000001	0.10373703621137804
0.9550000000000001	0.10375610748949543
0.96	0.10377496260160127
0.965	0.10379360502431752
0.97	0.10381203816426397
0.975	0.103830265359637
0.98	0.10384828988182442
0.985	0.10386611493695563
0.99	0.10388374366738576
0.995	0.1039011791531952
1.	0.10391842441362255
1.005	0.10393548240842776
1.01	0.10395235603928348
1.0150000000000001	0.10396904815115647
1.02	0.10398556153348026
1.0250000000000001	0.10400189892156288
1.03	0.10401806299770132
1.0350000000000001	0.10403405639245773
1.04	0.10404988168580728
1.0450000000000002	0.10406554140831228
1.05	0.10408103804213047
1.0550000000000002	0.1040963740222616
1.06	0.10411155173750396
1.0650000000000002	0.10412657353147356
1.07	0.10414144170371177
1.075	0.1041561585105489
1.08	0.1041707261661647
1.085	0.10418514684346654
1.09	0.10419942267495101
1.095	0.10421355575375632
1.1	0.10422754813437675
1.105	0.10424140183355302
1.11	0.1042551188311091
1.115	0.10426870107076233
1.12	0.10428215046089628
1.125	0.1042954688752926
1.13	0.10430865815394844
1.135	0.10432172010379617
1.14	0.10433465649930258
1.145	0.10434746908330839
1.15	0.10436015956760848
1.155	0.1043727296336966
1.16	0.10438518093330519
1.165	0.1043975150891041
1.17	0.10440973369531559
1.175	0.10442183831825609
1.18	0.10443383049700017
1.1849999999999998	0.10444571174388793
1.19	0.10445748354510835
1.1949999999999998	0.10446914736123306
1.2	0.1044807046278026
1.2049999999999998	0.10449215675567086
1.21	0.10450350513181357
1.2149999999999999	0.10451475111942887
1.22	0.10452589605878365
1.2249999999999999	0.10453694126750394
1.23	0.10454788804103321
1.2349999999999999	0.10455873765318707
1.2399999999999998	0.10456949135638124
1.2449999999999999	0.10458015038232568
1.2499999999999998	0.10459071594223282
1.255	0.1046011892273386
1.2599999999999998	0.10461157140926428
1.265	0.10462186364044603
1.2699999999999998	0.10463206705441223
1.275	0.10464218276625159
1.2799999999999998	0.1046522118729377
1.285	0.10466215545375818
1.29	0.10467201457055458
1.295	0.10468179026812555
1.3	0.10469148357448435
1.305	0.10470109550128733
1.31	0.10471062704417378
1.315	0.10472007918286559
1.32	0.10472945288168752
1.325	0.1047387490898307
1.33	0.10474796874147081
1.335	0.10475711275639132
1.34	0.10476618203975566
1.345	0.10477517748293716
1.3499999999999999	0.10478409996337171
1.355	0.10479295034503469
1.3599999999999999	0.10480172947859229
1.365	0.10481043820169891
1.3699999999999999	0.10481907733920492
1.375	0.10482764770332596
1.38	0.10483615009417384
1.385	0.10484458529953454
1.39	0.10485295409559459
1.395	0.10486125724653222
1.4	0.10486949550545335
1.4049999999999998	0.10487766961399175
1.41	0.10488578030277143
1.4149999999999998	0.10489382829188171
1.42	0.10490181429028965
1.4249999999999998	0.10490973899694257
1.43	0.1049176031003514
1.4349999999999998	0.10492540727894188
1.44	0.10493315220136283
1.4449999999999998	0.10494083852651202
1.45	0.10494846690363988
1.455	0.10495603797277321
1.46	0.10496355236463382
1.465	0.10497101070091523
1.47	0.104978413594557
1.475	0.10498576164947955
1.48	0.10499305546129213
1.485	0.10500029561709227
1.49	0.1050074826955891
1.495	0.1050146172675609
1.5	0.10502169989547219
1.5050000000000001	0.10502873113433016
1.51	0.10503571153109767
1.515	0.10504264162512415
1.52	0.10504952194858543
1.525	0.10505635302598068
1.53	0.10506313537493164
1.535	0.10506986950535843
1.54	0.10507655592119676
1.545	0.10508319511834519
1.55	0.10508978758697005
1.555	0.10509633380989393
1.56	0.10510283426395317
1.565	0.10510928941922455
1.5699999999999998	0.1051156997393278
1.575	0.10512206568219779
1.5799999999999998	0.10512838769922933
1.585	0.10513466623617264
1.5899999999999999	0.105140901732234
1.595	0.10514709462172007
1.5999999999999999	0.10515324533216179
1.605	0.10515935428655336
1.6099999999999999	0.1051654219016183
1.615	0.10517144858894037
1.6199999999999999	0.10517743475435733
1.6249999999999998	0.10518338079896303
1.63	0.10518928711850406
1.6349999999999998	0.10519515410324251
1.64	0.10520098213902931
1.6449999999999998	0.10520677160643997
1.65	0.10521252288097092
1.6549999999999998	0.10521823633350469
1.66	0.10522391233074523
1.6649999999999998	0.10522955123366355
1.67	0.10523515339955596
1.675	0.10524071918093489
1.68	0.10524624892574252
1.685	0.10525174297800442
1.69	0.10525720167658414
1.695	0.10526262535726645
1.7	0.10526801435035371
1.705	0.10527336898345899
1.71	0.10527868957899296
1.715	0.10528397645627297
1.72	0.1052892299301061
1.725	0.10529445031138059
1.73	0.10529963790770337
1.7349999999999999	0.10530479302232867
1.74	0.10530991595551265
1.7449999999999999	0.10531500700351648
1.75	0.10532006645862861
1.755	0.10532509461038204
1.76	0.10533009174465661
1.765	0.10533505814306181
1.77	0.10533999408515378
1.775	0.1053448998459102
1.78	0.10534977569837602
1.785	0.10535462191084685
1.7899999999999998	0.10535943875020473
1.795	0.10536422647808948
1.7999999999999998	0.10536898535464359
1.805	0.10537371563703905
1.8099999999999998	0.1053784175781485
1.815	0.10538309142894535
1.8199999999999998	0.1053877374374982
1.825	0.10539235584840059
1.8299999999999998	0.10539694690392677
1.835	0.10540151084335357
1.84	0.10540604790293732
1.845	0.10541055831674592
1.85	0.10541504231567941
1.855	0.10541950012879836
1.86	0.10542393198165226
1.865	0.1054283380980073
1.87	0.1054327186981362
1.875	0.10543707400079265
1.8800000000000001	0.10544140422180918
1.885	0.10544570957442673
1.8900000000000001	0.10544999026963643
1.895	0.10545424651654108
1.9	0.105458478521378
1.905	0.10546268648905732
1.91	0.10546687061992216
1.915	0.10547103111432014
1.92	0.10547516817027744
1.925	0.10547928198221133
1.93	0.10548337274351824
1.935	0.10548744064547141
1.94	0.10549148587645116
1.945	0.10549550862391639
1.95	0.10549950907250695
1.9549999999999998	0.10550348740462524
1.96	0.10550744380209019
1.9649999999999999	0.10551137844274339
1.97	0.10551529150447453
1.9749999999999999	0.10551918316200025
1.98	0.1055230535888504
1.9849999999999999	0.10552690295622343
1.99	0.105530731433068
1.9949999999999999	0.10553453918843078
2.	0.10553832638758827