0.2	0.11647946085746458
0.20500000000000002	0.11271445218595859
0.21000000000000002	0.10983117984834964
0.21500000000000002	0.10758219425783386
0.22	0.10580408944410966
0.225	0.10438433588871282
0.23	0.10324278498667373
0.23500000000000001	0.10232075415596326
0.24000000000000002	0.1015742798551864
0.245	0.10096978235798763
0.25	0.1004811872194888
0.255	0.10008795929508461
0.26	0.09977372672269065
0.265	0.09952529693483757
0.27	0.09933193954709872
0.275	0.099184854861627
0.28	0.09907677396437908
0.28500000000000003	0.09900165373669718
0.29000000000000004	0.09895444139829697
0.29500000000000004	0.09893089071055819
0.3	0.0989274170587385
0.305	0.09894098213975888
0.31	0.09896900143821485
0.315	0.09900926941766508
0.32	0.09905989860978724
0.325	0.09911926969884609
0.33	0.09918599037318944
0.335	0.09925886121774694
0.34	0.09933684729936534
0.34500000000000003	0.09941905438373103
0.35	0.0995047089423897
0.355	0.09959314127807684
0.36	0.09968377122861909
0.365	0.09977609601316698
0.37	0.09986967986618199
0.375	0.09996414516946119
0.38	0.10005916484429671
0.385	0.10015445580750561
0.39	0.10024977332869985
0.395	0.10034490615347946
0.4	0.10043967227951439
0.405	0.10053391529074714
0.41000000000000003	0.100627501169983
0.41500000000000004	0.10072031552256175
0.42	0.10081226115412067
0.425	0.10090325595404584
0.43	0.10099323104338856
0.435	0.10108212915204577
0.44	0.10116990319506813
0.445	0.10125651502223099
0.45	0.10134193431862636
0.455	0.10142613763709753
0.46	0.10150910754595405
0.465	0.10159083187762945
0.47	0.10167130306585194
0.475	0.1017505175605274
0.48	0.10182847531093836
0.485	0.1019051793090657
0.49	0.10198063518588733
0.495	0.1020548508543963
0.5	0.1021278361938696
0.505	0.10219960277058553
0.51	0.10227016359077956
0.515	0.10233953288213365
0.52	0.10240772590054013
0.525	0.10247475875927314
0.53	0.1025406482780278
0.535	0.10260541184959986
0.54	0.10266906732222378
0.545	0.10273163289582422
0.55	0.10279312703063129
0.555	0.10285356836679045
0.56	0.1029129756537491
0.5650000000000001	0.10297136768833798
0.5700000000000001	0.10302876326059408
0.5750000000000001	0.10308518110646483
0.5800000000000001	0.10314063986664365
0.5850000000000001	0.10319515805085225
0.5900000000000001	0.10324875400697858
0.5950000000000001	0.10330144589452918
0.6000000000000001	0.10335325166191515
0.6050000000000001	0.10340418902715603
0.6100000000000001	0.10345427546161313
0.6150000000000001	0.10350352817641496
0.62	0.10355196411127497
0.625	0.10359959992542452
0.63	0.10364645199043114
0.635	0.10369253638467146
0.64	0.10373786888927732
0.645	0.10378246498537365
0.65	0.10382633985246915
0.655	0.10386950836783469
0.66	0.1039119851067798
0.665	0.10395378434368766
0.67	0.103994920053729
0.675	0.1040354059151572
0.6799999999999999	0.10407525531210969
0.6849999999999999	0.10411448133784952
0.69	0.10415309679837025
0.695	0.1041911142163292
0.7	0.10422854583523931
0.705	0.10426540362388902
0.71	0.10430169928094367
0.715	0.10433744423969106
0.72	0.10437264967291383
0.725	0.10440732649784583
0.73	0.10444148538118674
0.735	0.10447513674417383
0.74	0.10450829076766589
0.745	0.10454095739723915
0.75	0.10457314634827469
0.755	0.10460486711103038
0.76	0.10463612895566633
0.765	0.10466694093724872
0.77	0.1046973119006851
0.775	0.10472725048561275
0.78	0.1047567651312202
0.785	0.10478586408099953
0.79	0.10481455538741748
0.7949999999999999	0.10484284691652397
0.7999999999999999	0.10487074635246683
0.8049999999999999	0.10489826120192984
0.8099999999999999	0.10492539879848084
0.815	0.10495216630683707
0.82	0.10497857072704
0.825	0.10500461889855389
0.83	0.10503031750424487
0.835	0.10505567307430644
0.84	0.10508069199007634
0.845	0.10510538048777843
0.8500000000000001	0.10512974466214456
0.8550000000000001	0.1051537904700101
0.8600000000000001	0.10517752373374382
0.8650000000000001	0.10520095014467548
0.8700000000000001	0.10522407526637954
0.8750000000000001	0.10524690453790213
0.8800000000000001	0.10526944327689053
0.8850000000000001	0.10529169668268311
0.8900000000000001	0.10531366983926345
0.8950000000000001	0.1053353677181853
0.9000000000000001	0.10535679518138291
0.905	0.10537795698396368
0.91	0.1053988577768489
0.915	0.10541950210943311
0.92	0.10543989443210017
0.925	0.10546003909870391
0.93	0.1054799403690033
0.935	0.10549960241098871
0.9400000000000001	0.10551902930318545
0.9450000000000001	0.10553822503684897
0.9500000000000001	0.10555719351817781
0.9550000000000001	0.10557593857038475
0.96	0.10559446393575567
0.965	0.10561277327764883
0.97	0.10563087018245447
0.975	0.105648758161448
0.98	0.10566644065266545
0.985	0.10568392102267715
0.99	0.1057012025683223
0.995	0.10571828851843242
1.	0.10573518203545079
1.005	0.10575188621705268
1.01	0.10576840409770047
1.0150000000000001	0.10578473865019206
1.02	0.10580089278708603
1.0250000000000001	0.10581686936221074
1.03	0.10583267117200126
1.0350000000000001	0.10584830095690285
1.04	0.10586376140270418
1.0450000000000002	0.1058790551418001
1.05	0.10589418475446474
1.0550000000000002	0.10590915277008386
1.06	0.10592396166836468
1.0650000000000002	0.10593861388041206
1.07	0.10595311179000129
1.075	0.1059674577345319
1.08	0.10598165400620817
1.085	0.10599570285304837
1.09	0.1060096064798416
1.095	0.1060233670492455
1.1	0.10603698668269106
1.105	0.10605046746127952
1.11	0.10606381142680997
1.115	0.10607702058256982
1.12	0.10609009689425822
1.125	0.1061030422907561
1.13	0.10611585866509428
1.135	0.10612854787511801
1.14	0.10614111174431694
1.145	0.10615355206260904
1.15	0.106165870587036
1.155	0.10617806904259565
1.16	0.10619014912277044
1.165	0.10620211249036127
1.17	0.10621396077814206
1.175	0.1062256955894274
1.18	0.10623731849879746
1.1849999999999998	0.10624883105268004
1.19	0.10626023476997687
1.1949999999999998	0.10627153114262837
1.2	0.10628272163625675
1.2049999999999998	0.1062938076905722
1.21	0.10630479072014902
1.2149999999999999	0.10631567211474331
1.22	0.10632645323995919
1.2249999999999999	0.10633713543768368
1.23	0.10634772002665274
1.2349999999999999	0.1063582083028284
1.2399999999999998	0.1063686015399958
1.2449999999999999	0.10637890099013421
1.2499999999999998	0.10638910788387371
1.255	0.10639922343103296
1.2599999999999998	0.10640924882089367
1.265	0.10641918522279784
1.2699999999999998	0.10642903378632926
1.275	0.10643879564196831
1.2799999999999998	0.1064484719012475
1.285	0.10645806365733972
1.29	0.10646757198531488
1.295	0.10647699794246057
1.3	0.10648634256878112
1.305	0.10649560688712664
1.31	0.10650479190386836
1.315	0.10651389860878556
1.32	0.10652292797582724
1.325	0.10653188096317079
1.33	0.10654075851351454
1.335	0.10654956155458084
1.34	0.10655829099905838
1.345	0.1065669477454406
1.3499999999999999	0.10657553267771992
1.355	0.10658404666602606
1.3599999999999999	0.10659249056678687
1.365	0.10660086522293327
1.3699999999999999	0.10660917146429884
1.375	0.1066174101077767
1.38	0.10662558195750808
1.385	0.10663368780525849
1.39	0.10664172843059605
1.395	0.10664970460102104
1.4	0.10665761707239658
1.4049999999999998	0.10666546658906953
1.41	0.10667325388381728
1.4149999999999998	0.10668097967864176
1.42	0.10668864468441196
1.4249999999999998	0.1066962496014171
1.43	0.10670379511938535
1.4349999999999998	0.10671128191764434
1.44	0.10671871066561893
1.4449999999999998	0.10672608202260908
1.45	0.1067333966382616
1.455	0.10674065515252264
1.46	0.10674785819597471
1.465	0.10675500639004334
1.47	0.10676210034700226
1.475	0.10676914067023797
1.48	0.10677612795425881
1.485	0.10678306278526885
1.49	0.10678994574061317
1.495	0.10679677738967884
1.5	0.10680355829354778
1.5050000000000001	0.10681028900540857
1.51	0.10681697007038508
1.515	0.10682360202597597
1.52	0.10683018540221229
1.525	0.10683672072130498
1.53	0.106843208498578
1.535	0.10684964924174699
1.54	0.1068560434518061
1.545	0.10686239162230265
1.55	0.10686869424041513
1.555	0.1068749517863406
1.56	0.10688116473373163
1.565	0.10688733354972954
1.5699999999999998	0.10689345869493472
1.575	0.1068995406238653
1.5799999999999998	0.10690557978480955
1.585	0.1069115766199121
1.5899999999999999	0.10691753156526092
1.595	0.10692344505144921
1.5999999999999999	0.10692931750252681
1.605	0.10693514933781607
1.6099999999999999	0.10694094097039084
1.615	0.10694669280797188
1.6199999999999999	0.10695240525276052
1.6249999999999998	0.10695807870195685
1.63	0.10696371354736012
1.6349999999999998	0.10696931017535496
1.64	0.10697486896759364
1.6449999999999998	0.10698039030083356
1.65	0.10698587454645411
1.6549999999999998	0.10699132207126322
1.66	0.1069967332376663
1.6649999999999998	0.10700210840259855
1.67	0.1070074479192139
1.675	0.1070127521355283
1.68	0.10701802139536691
1.685	0.10702325603838807
1.69	0.10702845639940095
1.695	0.10703362280935273
1.7	0.10703875559478267
1.705	0.10704385507843596
1.71	0.10704892157859724
1.715	0.1070539554099457
1.72	0.10705895688314827
1.725	0.10706392630426508
1.73	0.10706886397679834
1.7349999999999999	0.10707377019936529
1.74	0.10707864526785023
1.7449999999999999	0.10708348947368686
1.75	0.10708830310529034
1.755	0.10709308644717493
1.76	0.10709783978063496
1.765	0.10710256338337606
1.77	0.10710725752973099
1.775	0.1071119224906058
1.78	0.10711655853421635
1.785	0.10712116592463049
1.7899999999999998	0.10712574492376253
1.795	0.10713029578936008
1.7999999999999998	0.10713481877678413
1.805	0.10713931413833659
1.8099999999999998	0.10714378212297833
1.815	0.10714822297684976
1.8199999999999998	0.10715263694323558
1.825	0.10715702426254342
1.8299999999999998	0.10716138517268498
1.835	0.10716571990784299
1.84	0.10717002870043404
1.845	0.10717431177992902
1.85	0.1071785693728898
1.855	0.10718280170309342
1.86	0.10718700899262118
1.865	0.10719119145983133
1.87	0.10719534932149621
1.875	0.1071994827914874
1.8800000000000001	0.10720359208124024
1.885	0.1072076773997466
1.8900000000000001	0.10721173895342156
1.895	0.10721577694700993
1.9	0.10721979158272373
1.905	0.1072237830603786
1.91	0.10722775157670612
1.915	0.10723169732767492
1.92	0.10723562050652068
1.925	0.10723952130327224
1.93	0.10724339990803988
1.935	0.1072472565065936
1.94	0.10725109128395245
1.945	0.10725490442278583
1.95	0.10725869610362977
1.9549999999999998	0.10726246650524425
1.96	0.10726621580436929
1.9649999999999999	0.1072699441754285
1.97	0.10727365179161366
1.9749999999999999	0.10727733882358612
1.98	0.10728100544065702
1.9849999999999999	0.10728465181012316
1.99	0.10728827809721084
1.9949999999999999	0.10729188446625537
2.	0.10729547107858609