0.2	0.0018905627477292968
0.20500000000000002	0.001846533813746948
0.21000000000000002	0.001824172018883554
0.21500000000000002	0.0018168037445851026
0.22	0.0018201983247549528
0.225	0.0018315354444794762
0.23	0.0018488566780490302
0.23500000000000001	0.001870755472296915
0.24000000000000002	0.0018961927380141963
0.245	0.0019243823682978131
0.25	0.001954717530194186
0.255	0.0019867216864084217
0.26	0.002020015135701219
0.265	0.0020542915856839906
0.27	0.0020893013840896073
0.275	0.002124839274251633
0.28	0.002160735290382342
0.28500000000000003	0.0021968478741986133
0.29000000000000004	0.0022330585910509456
0.29500000000000004	0.002269268016664007
0.3	0.0023053924936147214
0.305	0.002341361543148204
0.31	0.002377115777316403
0.315	0.0024126051978245987
0.32	0.0024477877972494187
0.325	0.002482628399263981
0.33	0.002517097689721415
0.335	0.002551171401608787
0.34	0.0025848296251654787
0.34500000000000003	0.0026180562206680525
0.35	0.002650838316083217
0.355	0.0026831658753830095
0.36	0.0027150313260871518
0.365	0.002746429236755279
0.37	0.0027773560368414664
0.375	0.0028078097726648775
0.38	0.002837789894317188
0.385	0.002867297069184037
0.39	0.0028963330184540535
0.395	0.0029249003735530585
0.4	0.00295300254990544
0.405	0.0029806436358089682
0.41000000000000003	0.0030078282945253643
0.41500000000000004	0.0030345616779568377
0.42	0.0030608493505004174
0.425	0.0030866972218612124
0.43	0.003112111487764581
0.435	0.0031370985776444224
0.44	0.0031616651085013305
0.445	0.0031858178442212256
0.45	0.0032095636597360457
0.455	0.003232909509480222
0.46	0.003255862399660678
0.465	0.0032784293639132518
0.47	0.0033006174419738213
0.475	0.003322433661027758
0.48	0.003343885019443285
0.485	0.003364978472623552
0.49	0.0033857209207517076
0.495	0.0034061191982118788
0.5	0.0034261800645067025
0.505	0.0034459101965070293
0.51	0.0034653161818836305
0.515	0.0034844045135922447
0.52	0.0035031815852927107
0.525	0.0035216536876013066
0.53	0.0035398270050770466
0.535	0.0035577076138624585
0.54	0.003575301479902618
0.545	0.0035926144576780036
0.55	0.003609652289382528
0.555	0.003626420604505795
0.56	0.00364292491976628
0.5650000000000001	0.0036591706393389453
0.5700000000000001	0.003675163055368842
0.5750000000000001	0.0036909073487071168
0.5800000000000001	0.0037064085898500404
0.5850000000000001	0.003721671740063792
0.5900000000000001	0.0037367016526458994
0.5950000000000001	0.003751503074331221
0.6000000000000001	0.0037660806467925143
0.6050000000000001	0.003780438908243662
0.6100000000000001	0.0037945822951182093
0.6150000000000001	0.0038085151438051815
0.62	0.003822241692438181
0.625	0.003835766082725313
0.63	0.0038490923618040625
0.635	0.003862224484125234
0.64	0.0038751663133395637
0.645	0.0038879216241897692
0.65	0.003900494104430549
0.655	0.003912887356691681
0.66	0.00392510490039015
0.665	0.003937150173584513
0.67	0.0039490265348312535
0.675	0.003960737265024676
0.6799999999999999	0.003972285569201311
0.6849999999999999	0.003983674578331628
0.69	0.003994907351082428
0.695	0.004005986875536756
0.7	0.004016916070918226
0.705	0.00402769778924248
0.71	0.004038334816974503
0.715	0.00404882987662027
0.72	0.004059185628322637
0.725	0.004069404671399622
0.73	0.004079489545838019
0.735	0.004089442733802469
0.74	0.004099266661051813
0.745	0.004108963698366331
0.75	0.004118536162923868
0.755	0.004127986319641515
0.76	0.004137316382496652
0.765	0.004146528515800225
0.77	0.004155624835455409
0.775	0.004164607410179747
0.78	0.004173478262692662
0.785	0.00418223937084977
0.79	0.004190892668812641
0.7949999999999999	0.004199440048131148
0.7999999999999999	0.004207883358806148
0.8049999999999999	0.004216224410344509
0.8099999999999999	0.004224464972787283
0.815	0.004232606777672026
0.82	0.004240651519010285
0.825	0.004248600854261982
0.83	0.004256456405161133
0.835	0.004264219758722325
0.84	0.004271892467998952
0.845	0.004279476052996272
0.8500000000000001	0.004286972001459027
0.8550000000000001	0.004294381769708059
0.8600000000000001	0.004301706783330794
0.8650000000000001	0.00430894843805105
0.8700000000000001	0.0043161081003969546
0.8750000000000001	0.004323187108410186
0.8800000000000001	0.0043301867723707504
0.8850000000000001	0.004337108375475864
0.8900000000000001	0.0043439531744887475
0.8950000000000001	0.004350722400390843
0.9000000000000001	0.004357417258974695
0.905	0.00436403893149743
0.91	0.0043705885752273015
0.915	0.004377067324097751
0.92	0.0043834762891537616
0.925	0.004389816559193406
0.93	0.00439608920123132
0.935	0.00440229526110831
0.9400000000000001	0.004408435763855286
0.9450000000000001	0.004414511714298124
0.9500000000000001	0.00442052409753378
0.9550000000000001	0.004426473879294768
0.96	0.004432362006501211
0.965	0.004438189407640544
0.97	0.004443956993239129
0.975	0.004449665656247151
0.98	0.004455316272442575
0.985	0.004460909700866893
0.99	0.00446644678417285
0.995	0.004471928348980159
1.	0.004477355206332871
1.005	0.0044827281519263145
1.01	0.004488047966514283
1.0150000000000001	0.0044933154163243685
1.02	0.004498531253247
1.0250000000000001	0.004503696215238069
1.03	0.004508811026597413
1.0350000000000001	0.004513876398309059
1.04	0.0045188930283593136
1.0450000000000002	0.004523861601909322
1.05	0.00452878279166345
1.0550000000000002	0.00453365725815031
1.06	0.004538485649967522
1.0650000000000002	0.004543268604081125
1.07	0.004548006745991399
1.075	0.004552700689987306
1.08	0.004557351039536824
1.085	0.004561958387406307
1.09	0.004566523315820942
1.095	0.00457104639677805
1.1	0.004575528192414521
1.105	0.004579969254787282
1.11	0.0045843701266422175
1.115	0.004588731341131372
1.12	0.004593053422292673
1.125	0.004597336885105909
1.13	0.004601582235796531
1.135	0.004605789971941919
1.14	0.004609960582666278
1.145	0.004614094548734958
1.15	0.0046181923428784575
1.155	0.004622254429952143
1.16	0.004626281266856535
1.165	0.004630273303030673
1.17	0.00463423098037688
1.175	0.00463815473336943
1.18	0.0046420449896217506
1.1849999999999998	0.004645902169410986
1.19	0.004649726686282123
1.1949999999999998	0.004653518947027911
1.2	0.004657279351880653
1.2049999999999998	0.0046610082943326124
1.21	0.004664706161809366
1.2149999999999999	0.00466837333545054
1.22	0.004672010190194329
1.2249999999999999	0.004675617095131387
1.23	0.00467919441327805
1.2349999999999999	0.004682742502134175
1.2399999999999998	0.004686261713419798
1.2449999999999999	0.004689752393323563
1.2499999999999998	0.004693214882716364
1.255	0.0046966495168818964
1.2599999999999998	0.004700056626144467
1.265	0.00470343653580211
1.2699999999999998	0.0047067895657324004
1.275	0.004710116031098632
1.2799999999999998	0.004713416242276731
1.285	0.0047166905049289545
1.29	0.00471993911989875
1.295	0.0047231623835468535
1.3	0.004726360587817769
1.305	0.004729534019981811
1.31	0.004732682963344582
1.315	0.004735807696954204
1.32	0.004738908495193734
1.325	0.004741985629007441
1.33	0.004745039364787762
1.335	0.004748069965767867
1.34	0.0047510776901555345
1.345	0.004754062793274281
1.3499999999999999	0.004757025526449798
1.355	0.004759966137404603
1.3599999999999999	0.004762884870072768
1.365	0.004765781964760347
1.3699999999999999	0.004768657658990588
1.375	0.004771512186109017
1.38	0.004774345776528851
1.385	0.004777158657138614
1.39	0.00477995105168279
1.395	0.004782723181080918
1.4	0.004785475262324772
1.4049999999999998	0.0047882075102177206
1.41	0.004790920136042803
1.4149999999999998	0.004793613348332029
1.42	0.0047962873524441
1.4249999999999998	0.0047989423511023135
1.43	0.004801578544252434
1.4349999999999998	0.004804196128865424
1.44	0.0048067952994135564
1.4449999999999998	0.00480937624778256
1.45	0.0048119391627370455
1.455	0.0048144842308404465
1.46	0.004817011636363753
1.465	0.004819521560527478
1.47	0.004822014182526813
1.475	0.004824489678994589
1.48	0.004826948223690643
1.485	0.0048293899892930285
1.49	0.004831815144979704
1.495	0.004834223858218574
1.5	0.00483661629401052
1.5050000000000001	0.004838992615567432
1.51	0.004841352983557441
1.515	0.00484369755656164
1.52	0.004846026491526685
1.525	0.00484833994257433
1.53	0.004850638062984916
1.535	0.00485292100269655
1.54	0.004855188910504001
1.545	0.004857441933196207
1.55	0.004859680215786228
1.555	0.004861903901196863
1.56	0.004864113130273483
1.565	0.004866308042769436
1.5699999999999998	0.00486848877573234
1.575	0.0048706554657845435
1.5799999999999998	0.004872808246647359
1.585	0.004874947250233633
1.5899999999999999	0.0048770726081609145
1.595	0.00487918444960598
1.5999999999999999	0.004881282901104005
1.605	0.0048833680895586755
1.6099999999999999	0.004885440139245608
1.615	0.004887499172679898
1.6199999999999999	0.0048895453114774405
1.6249999999999998	0.004891578675080108
1.63	0.004893599382255117
1.6349999999999998	0.004895607549821929
1.64	0.004897603293085439
1.6449999999999998	0.004899586726689608
1.65	0.004901557963137293
1.6549999999999998	0.004903517112799508
1.66	0.004905464287514615
1.6649999999999998	0.0049073995944604746
1.67	0.004909323141233965
1.675	0.004911235034793486
1.68	0.004913135379147217
1.685	0.004915024278725655
1.69	0.004916901835020886
1.695	0.004918768149532016
1.7	0.0049206233227154445
1.705	0.004922467452315759
1.71	0.004924300636925544
1.715	0.004926122972849664
1.72	0.0049279345555722585
1.725	0.004929735479133379
1.73	0.004931525836341075
1.7349999999999999	0.004933305720020017
1.74	0.00493507522031173
1.7449999999999999	0.0049368344286213174
1.75	0.004938583432640521
1.755	0.00494032232049803
1.76	0.0049420511803403245
1.765	0.004943770097027434
1.77	0.004945479155031187
1.775	0.0049471784400802335
1.78	0.004948868034214431
1.785	0.00495054801949764
1.7899999999999998	0.004952218478013963
1.795	0.004953879488173431
1.7999999999999998	0.004955531131690164
1.805	0.004957173485378129
1.8099999999999998	0.004958806629347361
1.815	0.004960430636774398
1.8199999999999998	0.004962045586580077
1.825	0.004963651552800257
1.8299999999999998	0.004965248609899465
1.835	0.004966836831544618
1.84	0.004968416289385814
1.845	0.004969987057122235
1.85	0.004971549204810194
1.855	0.004973102803334002
1.86	0.004974647920754739
1.865	0.0049761846287912255
1.87	0.004977712992697074
1.875	0.004979233081379585
1.8800000000000001	0.004980744962136087
1.885	0.004982248699045467
1.8900000000000001	0.004983744358213092
1.895	0.0049852320045401044
1.9	0.00498671170172504
1.905	0.004988183513068847
1.91	0.004989647501873892
1.915	0.0049911037258298105
1.92	0.004992552252650565
1.925	0.004993993137623791
1.93	0.0049954264460446395
1.935	0.004996852230805474
1.94	0.0049982705555878335
1.945	0.004999681474879709
1.95	0.005001085052333721
1.9549999999999998	0.005002481336846423
1.96	0.005003870390451703
1.9649999999999999	0.005005252266807802
1.97	0.005006627020756067
1.9749999999999999	0.005007994708312787
1.98	0.005009355381905155
1.9849999999999999	0.005010709097510217
1.99	0.005012055905141548
1.9949999999999999	0.005013395860729645
2.	0.005014729012665088