0.2	0.08776335622329773
0.20500000000000002	0.08454304778407752
0.21000000000000002	0.08203923663051843
0.21500000000000002	0.08005049179587928
0.22	0.07844440214723783
0.225	0.07713009911570305
0.23	0.07604303193998237
0.23500000000000001	0.07513602936603646
0.24000000000000002	0.07437379818234452
0.245	0.07372940119952609
0.25	0.07318192610361138
0.255	0.07271489781645633
0.26	0.07231517011047815
0.265	0.0719721348484313
0.27	0.07167714693227288
0.275	0.07142309895041525
0.28	0.07120410173748795
0.28500000000000003	0.07101524117720125
0.29000000000000004	0.0708523907549713
0.29500000000000004	0.07071206545729114
0.30000000000000004	0.0705913067342057
0.305	0.07048759107587842
0.31	0.07039875673576698
0.315	0.0703229445382747
0.32	0.07025854971883154
0.325	0.07020418247935596
0.33	0.07015863548302535
0.335	0.07012085691470873
0.34	0.07008992803576074
0.345	0.07006504439113828
0.35	0.0700455000021629
0.355	0.07003067401347772
0.36	0.07002001936782287
0.365	0.07001305316449347
0.37	0.07000934842213892
0.375	0.07000852701795202
0.38	0.07001025361629004
0.385	0.07001423043266326
0.39	0.07002019270556274
0.395	0.07002790477011306
0.4	0.07003715664506832
0.405	0.07004776105901771
0.41000000000000003	0.07005955085346577
0.41500000000000004	0.07007237671018983
0.42000000000000004	0.07008610515835144
0.42500000000000004	0.07010061682355292
0.43000000000000005	0.07011580488664083
0.43500000000000005	0.07013157372474811
0.44	0.070147837711031
0.445	0.07016452015286836
0.45	0.07018155235112404
0.455	0.07019887276544907
0.46	0.07021642627264207
0.465	0.07023416350680951
0.47000000000000003	0.07025204027155944
0.47500000000000003	0.07027001701571603
0.48000000000000004	0.07028805836515435
0.48500000000000004	0.0703061327042669
0.49	0.0703242118014064
0.495	0.07034227047333785
0.5	0.07036028628433741
0.505	0.07037823927611028
0.51	0.07039611172514909
0.515	0.07041388792455919
0.52	0.07043155398771582
0.525	0.07044909767144214
0.53	0.07046650821662923
0.535	0.07048377620448873
0.54	0.07050089342681606
0.545	0.07051785276880977
0.55	0.07053464810318212
0.5549999999999999	0.07055127419440756
0.56	0.07056772661209516
0.565	0.07058400165257363
0.5700000000000001	0.07060009626788051
0.575	0.07061600800140798
0.5800000000000001	0.07063173492959723
0.585	0.07064727560904491
0.5900000000000001	0.0706626290285354
0.595	0.07067779456551772
0.6000000000000001	0.07069277194659404
0.605	0.07070756121165563
0.6100000000000001	0.07072216268131623
0.615	0.07073657692732979
0.62	0.07075080474573069
0.625	0.070764847132413
0.63	0.07077870526096372
0.635	0.07079238046252384
0.64	0.07080587420747865
0.645	0.07081918808882814
0.65	0.07083232380710662
0.655	0.07084528315664464
0.66	0.07085806801314035
0.665	0.07087068032234069
0.67	0.07088312208980425
0.675	0.07089539537158791
0.6799999999999999	0.07090750226582176
0.685	0.07091944490507439
0.69	0.07093122544943534
0.6950000000000001	0.07094284608025438
0.7	0.07095430899449431
0.7050000000000001	0.07096561639962234
0.71	0.07097677050899683
0.7150000000000001	0.07098777353773106
0.72	0.0709986276989368
0.7250000000000001	0.07100933520040463
0.73	0.07101989824155852
0.7350000000000001	0.07103031901079367
0.74	0.07104059968307377
0.7450000000000001	0.07105074241776987
0.75	0.07106074935679299
0.7550000000000001	0.07107062262289285
0.76	0.07108036431818862
0.7650000000000001	0.07108997652286883
0.77	0.07109946129407192
0.7750000000000001	0.07110882066488836
0.78	0.07111805664352827
0.7849999999999999	0.07112717121262208
0.79	0.07113616632858014
0.7949999999999999	0.07114504392112718
0.8	0.07115380589288174
0.8049999999999999	0.07116245411904777
0.81	0.071170990447159
0.815	0.07117941669690947
0.8200000000000001	0.07118773466005116
0.825	0.07119594610036134
0.8300000000000001	0.07120405275359419
0.835	0.07121205632757585
0.8400000000000001	0.07121995850227114
0.845	0.07122776092991877
0.8500000000000001	0.07123546523516451
0.855	0.07124307301531677
0.8600000000000001	0.07125058584050513
0.865	0.07125800525391911
0.8700000000000001	0.07126533277209375
0.875	0.07127256988521147
0.8800000000000001	0.0712797180573822
0.885	0.07128677872690191
0.8900000000000001	0.07129375330664847
0.895	0.07130064318442236
0.9000000000000001	0.07130744972318946
0.905	0.07131417426153759
0.9099999999999999	0.07132081811399976
0.915	0.07132738257136767
0.9199999999999999	0.07133386890116579
0.925	0.07134027834784493
0.9299999999999999	0.07134661213340325
0.935	0.0713528714574514
0.94	0.07135905749787463
0.9450000000000001	0.07136517141099187
0.95	0.07137121433204276
0.9550000000000001	0.07137718737551092
0.96	0.07138309163548916
0.9650000000000001	0.07138892818603434
0.97	0.07139469808160254
0.9750000000000001	0.0714004023572975
0.98	0.07140604202929823
0.9850000000000001	0.07141161809521665
0.99	0.07141713153431503
0.9950000000000001	0.07142258330808661
1.	0.07142797436040653
1.0050000000000001	0.07143330561785267
1.01	0.07143857799017132
1.0150000000000001	0.07144379237055307
1.02	0.07144894963579604
1.0250000000000001	0.0714540506469313
1.03	0.07145909624920685
1.035	0.07146408727260432
1.04	0.07146902453206525
1.045	0.07147390882787903
1.05	0.07147874094565489
1.055	0.07148352165707117
1.06	0.07148825171987663
1.065	0.07149293187808306
1.07	0.07149756286250025
1.075	0.07150214539078703
1.08	0.07150668016785029
1.085	0.07151116788601532
1.09	0.07151560922511509
1.095	0.07152000485320789
1.1	0.07152435542637431
1.105	0.07152866158908418
1.11	0.07153292397445897
1.115	0.0715371432045167
1.12	0.07154131989035656
1.125	0.07154545463228001
1.1300000000000001	0.0715495480202344
1.135	0.07155360063386262
1.1400000000000001	0.07155761304263508
1.145	0.07156158580628043
1.1500000000000001	0.0715655194747022
1.155	0.07156941458846677
1.16	0.07157327167875212
1.165	0.07157709126761307
1.17	0.07158087386823632
1.175	0.07158461998493221
1.18	0.07158833011354385
1.185	0.07159200474139904
1.19	0.0715956443477093
1.195	0.07159924940350325
1.2	0.07160282037170598
1.205	0.07160635770780815
1.21	0.0716098618594808
1.215	0.07161333326677925
1.22	0.07161677236274655
1.2249999999999999	0.07162017957298836
1.23	0.07162355531612412
1.2349999999999999	0.07162690000403692
1.24	0.07163021404143666
1.2449999999999999	0.07163349782676519
1.25	0.07163675175174938
1.255	0.07163997620163431
1.26	0.07164317155563497
1.265	0.07164633818679648
1.27	0.07164947646181298
1.275	0.07165258674183
1.28	0.07165566938183557
1.285	0.07165872473133139
1.29	0.0716617531343232
1.295	0.07166475492918645
1.3	0.07166773044879696
1.305	0.07167068002088169
1.31	0.07167360396818748
1.315	0.07167650260796345
1.32	0.0716793762526915
1.325	0.07168222521007772
1.33	0.07168504978264786
1.335	0.07168785026882678
1.34	0.07169062696155121
1.345	0.0716933801499882
1.35	0.07169611011846487
1.355	0.07169881714692865
1.3599999999999999	0.0717015015112422
1.365	0.07170416348290022
1.3699999999999999	0.07170680332924718
1.375	0.07170942131331617
1.38	0.07171201769476467
1.385	0.07171459272864153
1.39	0.07171714666692684
1.395	0.07171967975677332
1.4	0.07172219224268106
1.405	0.07172468436470292
1.41	0.07172715635972422
1.415	0.07172960846143311
1.42	0.07173204089885853
1.425	0.07173445389884414
1.43	0.07173684768473483
1.435	0.07173922247573253
1.44	0.07174157848896257
1.445	0.07174391593771416
1.45	0.07174623503208573
1.455	0.07174853597958748
1.46	0.07175081898437635
1.465	0.07175308424772153
1.47	0.0717553319683883
1.475	0.07175756234145626
1.48	0.07175977555998841
1.4849999999999999	0.07176197181402773
1.49	0.07176415129076008
1.4949999999999999	0.07176631417497327
1.5	0.07176846064863451
1.505	0.07177059089145274
1.51	0.07177270508031808
1.515	0.07177480338936118
1.52	0.0717768859911986
1.525	0.07177895305507002
1.53	0.0717810047488502
1.535	0.07178304123633424
1.54	0.07178506268194389
1.545	0.07178706924442234
1.55	0.0717890610832785
1.555	0.07179103835378664
1.56	0.07179300121065725
1.565	0.07179494980550527
1.57	0.07179688428750382
1.575	0.07179880480515749
1.58	0.07180071150395193
1.585	0.07180260452830693
1.59	0.07180448401909877
1.595	0.07180635011713739
1.6	0.07180820295944054
1.605	0.07181004268388126
1.6099999999999999	0.07181186942405672
1.615	0.07181368331303598
1.6199999999999999	0.07181548448091024
1.625	0.07181727305781513
1.63	0.07181904917085973
1.635	0.07182081294594081
1.64	0.07182256450719811
1.645	0.07182430397767375
1.65	0.07182603147839668
1.655	0.07182774712804914
1.66	0.07182945104536932
1.665	0.0718311433453423
1.67	0.07183282414518338
1.675	0.07183449355661346
1.68	0.07183615169183126
1.685	0.07183779866233603
1.69	0.07183943457568177
1.695	0.07184105954141025
1.7	0.07184267366384388
1.705	0.071844277050102
1.71	0.07184586980257111
1.715	0.07184745202492851
1.72	0.07184902381784103
1.725	0.07185058528052678
1.73	0.07185213651249088
1.735	0.07185367761027041
1.74	0.07185520867103339
1.7449999999999999	0.07185672978997248
1.75	0.0718582410597757
1.755	0.07185974257427206
1.76	0.07186123442563394
1.765	0.07186271670242775
1.77	0.07186418949597019
1.775	0.07186565289282841
1.78	0.0718671069824072
1.785	0.07186855184860756
1.79	0.07186998757852317
1.795	0.07187141425576292
1.8	0.07187283196235202
1.805	0.07187424078187511
1.81	0.07187564079396243
1.815	0.07187703208017877
1.82	0.07187841471973008
1.825	0.07187978879030586
1.83	0.07188115436950514
1.835	0.07188251153482875
1.84	0.07188386035997767
1.845	0.07188520092069879
1.85	0.07188653329007798
1.855	0.07188785754265495
1.86	0.07188917374946217
1.865	0.07189048198297479
1.8699999999999999	0.07189178231180753
1.875	0.07189307480742453
1.88	0.07189435953697329
1.885	0.07189563657084996
1.89	0.07189690597309524
1.895	0.07189816781289388
1.9	0.07189942215492165
1.905	0.07190066906674832
1.91	0.07190190860825274
1.915	0.071903140845133
1.92	0.0719043658420052
1.925	0.07190558365856761
1.93	0.07190679435709528
1.935	0.07190799799915194
1.94	0.07190919464322729
1.945	0.07191038435049103
1.95	0.07191156717910534
1.955	0.071912743186117
1.96	0.07191391243113256
1.965	0.07191507496848241
1.97	0.07191623085676405
1.975	0.07191738015022217
1.98	0.07191852290536739
1.985	0.07191965917515851
1.99	0.07192078901246318
1.9949999999999999	0.07192191247357697
2.	0.07192302960925202