0.2	0.011887263976118109
0.20500000000000002	0.01053687492919737
0.21000000000000002	0.00948963918272158
0.21500000000000002	0.008652278458446695
0.22	0.00796630318884693
0.225	0.007393176835441831
0.23	0.00690647497630013
0.23500000000000001	0.006487472023961683
0.24000000000000002	0.0061225262652652435
0.245	0.005801462746138899
0.25	0.005516536383492976
0.255	0.005261746160659093
0.26	0.005032369155258045
0.265	0.00482463637818267
0.27	0.004635502518250667
0.275	0.004462479327654502
0.28	0.004303513037941282
0.28500000000000003	0.004156892809268101
0.29000000000000004	0.004021181421614157
0.295	0.0038951621511279164
0.3	0.003777797588398586
0.305	0.003668197380298273
0.31	0.003565592718096686
0.315	0.0034693159809177573
0.32	0.0033787843581777775
0.325	0.0032934865715707803
0.33	0.0032129720323994205
0.33499999999999996	0.003136841927814189
0.33999999999999997	0.0030647418463724757
0.345	0.002996355640716958
0.35	0.002931400291124611
0.355	0.0028696215838776404
0.36	0.00281079045692551
0.365	0.0027546998950856026
0.37	0.002701162280216494
0.375	0.0026500071199736562
0.38	0.002601079093096675
0.385	0.002554236360558269
0.39	0.0025093491009908985
0.39499999999999996	0.0024662982360994117
0.39999999999999997	0.0024249743176523748
0.405	0.00238527655241626
0.41000000000000003	0.00234711194528424
0.41500000000000004	0.0023103945440332563
0.42000000000000004	0.0022750447717587714
0.42500000000000004	0.0022409888351958237
0.43000000000000005	0.0022081581989245908
0.43500000000000005	0.002176489116947706
0.44000000000000006	0.0021459222143699404
0.445	0.0021164021129530513
0.45	0.0020878770951949653
0.455	0.0020602988023219588
0.46	0.0020336219622084603
0.465	0.0020078041437706267
0.47000000000000003	0.001982805534832457
0.47500000000000003	0.001958588740849874
0.48000000000000004	0.0019351186022093173
0.485	0.0019123620281018196
0.49	0.0018902878452183986
0.495	0.0018688666597240135
0.5	0.0018480707311503398
0.505	0.001827873857006278
0.51	0.0018082512670431448
0.515	0.0017891795262317983
0.52	0.0017706364456139205
0.525	0.0017526010002817196
0.53	0.001735053253820852
0.535	0.0017179742886223315
0.54	0.001701346141531523
0.545	0.0016851517443574192
0.55	0.001669374868814049
0.5549999999999999	0.0016540000755089562
0.5599999999999999	0.0016390126666319198
0.565	0.0016243986420310366
0.57	0.00161014465839352
0.575	0.0015962379912755453
0.58	0.0015826664997494655
0.585	0.0015694185934583286
0.59	0.0015564832018868143
0.595	0.0015438497456750646
0.6	0.0015315081098173314
0.605	0.0015194486186014236
0.61	0.0015076620121574047
0.615	0.0014961394244954428
0.62	0.0014848723629228451
0.625	0.0014738526887397014
0.63	0.0014630725991207842
0.635	0.0014525246100991302
0.64	0.0014422015405734525
0.645	0.0014320964972679262
0.65	0.001422202860578514
0.655	0.0014125142712452109
0.66	0.0014030246177943074
0.665	0.0013937280246990862
0.67	0.0013846188412113055
0.675	0.0013756916308194274
0.68	0.0013669411612928237
0.685	0.0013583623952742473
0.6900000000000001	0.0013499504813855908
0.6950000000000001	0.0013417007458144923
0.7000000000000001	0.0013336086843517346
0.7050000000000001	0.0013256699548514293
0.7100000000000001	0.001317880370088057
0.7150000000000001	0.0013102358909861708
0.7200000000000001	0.0013027326202002876
0.7250000000000001	0.0012953667960239963
0.7300000000000001	0.0012881347866088128
0.7350000000000001	0.0012810330844745166
0.7400000000000001	0.0012740583012940145
0.7450000000000001	0.0012672071629368613
0.7500000000000001	0.0012604765047566134
0.7550000000000001	0.001253863267108146
0.7600000000000001	0.0012473644910820033
0.7650000000000001	0.001240977314443601
0.7700000000000001	0.0012346989677659613
0.7750000000000001	0.0012285267707453122
0.7800000000000001	0.001222458128689567
0.7850000000000001	0.0012164905291703293
0.7900000000000001	0.001210621538829634
0.7950000000000002	0.001204848800333149
0.8000000000000002	0.0011991700294621322
0.8049999999999999	0.0011935830123368028
0.8099999999999999	0.0011880856027643083
0.815	0.0011826757197048333
0.82	0.0011773513448497547
0.825	0.0011721105203061715
0.83	0.0011669513463823846
0.835	0.0011618719794692714
0.84	0.0011568706300127524
0.845	0.0011519455605728465
0.85	0.0011470950839650548
0.855	0.0011423175614800293
0.86	0.0011376114011777368
0.865	0.0011329750562525352
0.87	0.0011284070234657423
0.875	0.0011239058416424984
0.88	0.0011194700902298826
0.885	0.0011150983879134187
0.89	0.0011107893912892105
0.895	0.0011065417935891696
0.9	0.001102354323456854
0.905	0.0010982257437716447
0.91	0.0010941548505190098
0.915	0.0010901404717048114
0.92	0.001086181466311677
0.925	0.0010822767232955303
0.93	0.0010784251606205221
0.935	0.0010746257243306773
0.9400000000000001	0.001070877387656612
0.9450000000000001	0.0010671791501558545
0.9500000000000001	0.0010635300368852232
0.9550000000000001	0.0010599290976040007
0.9600000000000001	0.0010563754060064763
0.9650000000000001	0.0010528680589826764
0.9700000000000001	0.0010494061759060654
0.9750000000000001	0.001045988897947082
0.9800000000000001	0.001042615387411454
0.9850000000000001	0.0010392848271022187
0.9900000000000001	0.0010359964197045293
0.9950000000000001	0.0010327493871922417
1.	0.0010295429702554591