0.2	0.13567464801645618
0.20500000000000002	0.1270454773158074
0.21000000000000002	0.12062888066880521
0.21500000000000002	0.11573928521330294
0.22	0.11194505343097151
0.225	0.10896089578927612
0.23	0.1065907265180454
0.23500000000000001	0.10469536731045066
0.24000000000000002	0.10317334328099723
0.245	0.10194896949419387
0.25	0.10096468985037957
0.255	0.10017599595854511
0.26	0.09954796544134152
0.265	0.0990528472996759
0.27	0.09866834214188469
0.275	0.09837635433922011
0.28	0.09816207139188657
0.28500000000000003	0.09801327442600885
0.29000000000000004	0.09791981472448985
0.29500000000000004	0.09787321136784408
0.3	0.09786633845913581
0.305	0.09789317946780082
0.31	0.0979486324567737
0.315	0.09802835430619787
0.32	0.09812863512581327
0.325	0.09824629625632583
0.33	0.09837860686310426
0.335	0.09852321530243943
0.34	0.09867809231377422
0.34500000000000003	0.09884148374555261
0.35	0.09901187101709687
0.355	0.09918793789634966
0.36	0.09936854246359665
0.365	0.09955269335628711
0.37	0.09973952956573674
0.375	0.09992830319461107
0.38	0.1001183646933814
0.385	0.10030915018097591
0.39	0.10050017052455694
0.395	0.10069100190950596
0.4	0.10088127767616246
0.405	0.10107068123687121
0.41000000000000003	0.10125893991714925
0.41500000000000004	0.10144581958964388
0.42	0.10163111999006626
0.425	0.10181467062127682
0.43	0.1019963271658326
0.435	0.10217596833910858
0.44	0.10235349312499453
0.445	0.10252881834447285
0.45	0.10270187651440771
0.455	0.10287261395979444
0.46	0.10304098914776061
0.465	0.10320697121588766
0.47	0.10337053867108313
0.475	0.10353167823835191
0.48	0.10369038384150381
0.485	0.1038466557001283
0.49	0.10400049952917036
0.495	0.10415192582913073
0.5	0.10430094925641857
0.505	0.10444758806465469
0.51	0.10459186360884813
0.515	0.1047337999053331
0.52	0.10487342324120152
0.525	0.10501076182771224
0.53	0.10514584549278204
0.535	0.10527870540826004
0.54	0.10540937384815317
0.545	0.10553788397442396
0.55	0.10566426964735495
0.555	0.10578856525782031
0.56	0.10591080557909154
0.5650000000000001	0.10603102563606892
0.5700000000000001	0.1061492605900754
0.5750000000000001	0.10626554563752652
0.5800000000000001	0.10637991592100678
0.5850000000000001	0.1064924064514037
0.5900000000000001	0.10660305203993573
0.5950000000000001	0.10671188723900336
0.6000000000000001	0.10681894629091165
0.6050000000000001	0.10692426308363809
0.6100000000000001	0.10702787111287325
0.6150000000000001	0.10712980344965922
0.62	0.10723009271302775
0.625	0.10732877104708015
0.63	0.10742587010204747
0.635	0.10752142101886412
0.64	0.10761545441688886
0.645	0.10770800038440308
0.65	0.10779908847160423
0.655	0.10788874768575675
0.66	0.10797700648831629
0.665	0.1080638927937392
0.67	0.10814943396981479
0.675	0.10823365683931524
0.6799999999999999	0.10831658768280815
0.6849999999999999	0.10839825224249412
0.69	0.10847867572690682
0.695	0.10855788281640154
0.7	0.1086358976692858
0.705	0.10871274392852488
0.71	0.10878844472892403
0.715	0.10886302270470641
0.72	0.10893649999744795
0.725	0.10900889826427777
0.73	0.1090802386862864
0.735	0.1091505419771382
0.74	0.10921982839178995
0.745	0.10928811773531366
0.75	0.10935542937177677
0.755	0.10942178223316323
0.76	0.10948719482826831
0.765	0.1095516852516151
0.77	0.10961527119229332
0.775	0.10967796994276274
0.78	0.1097397984075763
0.785	0.10980077311201702
0.79	0.10986091021062001
0.7949999999999999	0.1099202254956168
0.7999999999999999	0.10997873440523434
0.8049999999999999	0.11003645203188292
0.8099999999999999	0.11009339313020244
0.815	0.11014957212497983
0.82	0.11020500311892138
0.825	0.11025969990030539
0.83	0.11031367595042485
0.835	0.11036694445095549
0.84	0.1104195182911329
0.845	0.11047141007480671
0.8500000000000001	0.11052263212727705
0.8550000000000001	0.11057319650210784
0.8600000000000001	0.11062311498762238
0.8650000000000001	0.11067239911342494
0.8700000000000001	0.11072106015664705
0.8750000000000001	0.11076910914810283
0.8800000000000001	0.11081655687826468
0.8850000000000001	0.11086341390318137
0.8900000000000001	0.11090969055013383
0.8950000000000001	0.11095539692325308
0.9000000000000001	0.11100054290891866
0.905	0.11104513818114096
0.91	0.11108919220664418
0.915	0.11113271425000772
0.92	0.11117571337852422
0.925	0.11121819846700155
0.93	0.11126017820248485
0.935	0.11130166108876693
0.9400000000000001	0.11134265545086505
0.9450000000000001	0.11138316943928571
0.9500000000000001	0.11142321103434037
0.9550000000000001	0.11146278805017654
0.96	0.11150190813879599
0.965	0.11154057879396052
0.97	0.11157880735502541
0.975	0.11161660101056121
0.98	0.11165396680203268
0.985	0.11169091162727458
0.99	0.111727442243895
0.995	0.11176356527266518
1.	0.11179928720069914
1.005	0.11183461438464455
1.01	0.11186955305374457
1.0150000000000001	0.1119041093128943
1.02	0.11193828914544468
1.0250000000000001	0.11197209841619174
1.03	0.1120055428740094
1.0350000000000001	0.11203862815463078
1.04	0.11207135978328676
1.0450000000000002	0.11210374317720344
1.05	0.11213578364812705
1.0550000000000002	0.11216748640476963
1.06	0.11219885655521188
1.0650000000000002	0.11222989910903032
1.07	0.11226061897984507
1.075	0.112291020987198
1.08	0.11232110985891612
1.085	0.11235089023311719
1.09	0.11238036666010869
1.095	0.11240954360459034
1.1	0.112438425447452
1.105	0.11246701648755904
1.11	0.11249532094381902
1.115	0.1125233429567494
1.12	0.11255108659033092
1.125	0.11257855583353975
1.13	0.11260575460230261
1.135	0.11263268674081214
1.14	0.11265935602319571
1.145	0.11268576615509046
1.15	0.11271192077503273
1.155	0.11273782345614211
1.16	0.1127634777071622
1.165	0.11278888697415344
1.17	0.11281405464180691
1.175	0.11283898403457694
1.18	0.11286367841814927
1.1849999999999998	0.1128881410006094
1.19	0.11291237493370596
1.1949999999999998	0.11293638331398628
1.2	0.11296016918410032
1.2049999999999998	0.11298373553360341
1.21	0.11300708530054673
1.2149999999999999	0.11303022137209605
1.22	0.11305314658589224
1.2249999999999999	0.11307586373092282
1.23	0.11309837554867314
1.2349999999999999	0.1131206847338783
1.2399999999999998	0.11314279393574396
1.2449999999999999	0.11316470575868769
1.2499999999999998	0.11318642276326513
1.255	0.11320794746726873
1.2599999999999998	0.11322928234626857
1.265	0.1132504298348415
1.2699999999999998	0.11327139232691613
1.275	0.11329217217712695
1.2799999999999998	0.11331277170110679
1.285	0.1133331931767019
1.29	0.11335343884448204
1.295	0.11337351090838749
1.3	0.11339341153675803
1.305	0.11341314286257409
1.31	0.11343270698486298
1.315	0.11345210596842646
1.32	0.11347134184543274
1.325	0.11349041661551185
1.33	0.11350933224635018
1.335	0.11352809067473411
1.34	0.11354669380640003
1.345	0.11356514351779459
1.3499999999999999	0.11358344165539745
1.355	0.11360159003705617
1.3599999999999999	0.11361959045230542
1.365	0.11363744466277978
1.3699999999999999	0.11365515440304265
1.375	0.11367272138089841
1.38	0.11369014727777271
1.385	0.11370743374949333
1.39	0.1137245824266499
1.395	0.11374159491485043
1.4	0.11375847279561982
1.4049999999999998	0.11377521762663904
1.41	0.11379183094161334
1.4149999999999998	0.1138083142519477
1.42	0.11382466904596698
1.4249999999999998	0.11384089679007896
1.43	0.11385699892879762
1.4349999999999998	0.11387297688506962
1.44	0.11388883206132083
1.4449999999999998	0.1139045658389668
1.45	0.11392017957940467
1.455	0.11393567462389752
1.46	0.11395105229427918
1.465	0.11396631389338188
1.47	0.11398146070503376
1.475	0.11399649399461058
1.48	0.11401141500904248
1.485	0.11402622497802664
1.49	0.11404092511283098
1.495	0.11405551660820618
1.5	0.11407000064163257
1.5050000000000001	0.11408437837418897
1.51	0.1140986509501754
1.515	0.11411281949804092
1.52	0.11412688513071048
1.525	0.11414084894482115
1.53	0.11415471202270608
1.535	0.11416847543084357
1.54	0.11418214022174271
1.545	0.1141957074323838
1.55	0.11420917808651335
1.555	0.11422255319332619
1.56	0.11423583374839072
1.565	0.11424902073371136
1.5699999999999998	0.11426211511765712
1.575	0.11427511785593422
1.5799999999999998	0.11428802989126274
1.585	0.11430085215355332
1.5899999999999999	0.11431358556008561
1.595	0.11432623101670275
1.5999999999999999	0.11433878941556178
1.605	0.11435126163901026
1.6099999999999999	0.11436364855632608
1.615	0.114375951025627
1.6199999999999999	0.11438816989350713
1.6249999999999998	0.11440030599613994
1.63	0.11441236015841705
1.6349999999999998	0.11442433319391296
1.64	0.11443622590633828
1.6449999999999998	0.11444803908918683
1.65	0.1144597735246961
1.6549999999999998	0.1144714299855677
1.66	0.11448300923532322
1.6649999999999998	0.11449451202601447
1.67	0.11450593910183268
1.675	0.11451729119620016
1.68	0.1145285690337921
1.685	0.11453977333058363
1.69	0.11455090479238468
1.695	0.11456196411694791
1.7	0.11457295199279617
1.705	0.11458386910053199
1.71	0.11459471611140655
1.715	0.11460549368914637
1.72	0.114616202489078
1.725	0.11462684315685097
1.73	0.11463741633282137
1.7349999999999999	0.11464792264706482
1.74	0.11465836272398101
1.7449999999999999	0.11466873717861199
1.75	0.11467904661970532
1.755	0.11468929164782077
1.76	0.11469947285678553
1.765	0.11470959083290086
1.77	0.11471964615540112
1.775	0.1147296393963354
1.78	0.11473957112214196
1.785	0.11474944189052212
1.7899999999999998	0.1147592522547103
1.795	0.11476900275915777
1.7999999999999998	0.11477869394334375
1.805	0.11478832634033165
1.8099999999999998	0.1147979004761625
1.815	0.1148074168709671
1.8199999999999998	0.11481687603888852
1.825	0.11482627848803315
1.8299999999999998	0.11483562472128542
1.835	0.11484491523366255
1.84	0.11485415051651854
1.845	0.11486333105501428
1.85	0.11487245732819348
1.855	0.11488152980924639
1.86	0.11489054896784247
1.865	0.1148995152657821
1.87	0.11490842916157591
1.875	0.11491729110762398
1.8800000000000001	0.11492610155120951
1.885	0.11493486093448131
1.8900000000000001	0.11494356969416612
1.895	0.11495222826350984
1.9	0.1149608370704271
1.905	0.11496939653779127
1.91	0.114977907081958
1.915	0.11498636911774075
1.92	0.11499478305418516
1.925	0.11500314929354984
1.93	0.11501146823835764
1.935	0.1150197402819108
1.94	0.11502796581598701
1.945	0.11503614522740921
1.95	0.11504427889850798
1.9549999999999998	0.1150523672078864
1.96	0.11506041052989517
1.9649999999999999	0.11506840923399544
1.97	0.11507636368708375
1.9749999999999999	0.1150842742507049
1.98	0.11509214128358276
1.9849999999999999	0.11509996514019356
1.99	0.11510774617064445
1.9949999999999999	0.11511548472320286
2.	0.11512318113975697