0.2	0.1173131963300099
0.20500000000000002	0.1096322201972709
0.21000000000000002	0.10345152970827555
0.21500000000000002	0.0983358507550731
0.22	0.09400727904478445
0.225	0.09027916352285757
0.23	0.08702101116480258
0.23500000000000001	0.08413856902456968
0.24000000000000002	0.08156189571665372
0.24500000000000002	0.07923789486809689
0.25	0.07712546532301784
0.255	0.07519225036019862
0.26	0.07341239890735236
0.265	0.0717649869484904
0.27	0.07023288116836357
0.275	0.06880190581935673
0.28	0.06746022184059121
0.28500000000000003	0.0661978573236633
0.29000000000000004	0.06500634770530178
0.29500000000000004	0.06387845671709355
0.30000000000000004	0.062807957588022
0.305	0.06178945976515294
0.31	0.06081827041585514
0.315	0.0598902827878626
0.32	0.05900188551042937
0.325	0.058149888370304194
0.33	0.05733146115711767
0.33499999999999996	0.056544082957315174
0.34	0.05578549986195284
0.34500000000000003	0.05505368949588029
0.35000000000000003	0.05434683111242071
0.35500000000000004	0.053663280256027575
0.36000000000000004	0.05300154719527931
0.36500000000000005	0.05236027848437566
0.37	0.051738241133577244
0.375	0.051134308965649584
0.38	0.05054745081217755
0.385	0.04997672026504964
0.39	0.04942124674780836
0.395	0.0488802277115087
0.4	0.04835292179217708
0.405	0.0478386427934743
0.41000000000000003	0.04733675437989318
0.41500000000000004	0.04684666538374143
0.42000000000000004	0.046367825643969816
0.42500000000000004	0.045899722307219885
0.43000000000000005	0.04544187653172333
0.43500000000000005	0.044993840543274655
0.44000000000000006	0.0445551949997173
0.445	0.044125546626451094
0.45	0.04370452609062083
0.455	0.043291786085992656
0.46	0.04288699960424215
0.465	0.042489858371528126
0.47000000000000003	0.04210007143195007
0.475	0.04171736386178596
0.48000000000000004	0.04134147560042906
0.48500000000000004	0.04097216038563213
0.49000000000000005	0.04060918478219016
0.49500000000000005	0.04025232729445137
0.5	0.03990137755418412
0.505	0.03955613557629072
0.51	0.03921641107572113
0.515	0.03888202283966458
0.52	0.03855279814975834
0.525	0.038228572249632484
0.53	0.037909187853581085
0.535	0.037594494692629675
0.54	0.03728434909462625
0.545	0.03697861359535333
0.55	0.036677156577935376
0.555	0.036379851938119934
0.56	0.03608657877323125
0.5650000000000001	0.035797221092788094
0.5700000000000001	0.03551166754903326
0.5750000000000001	0.03522981118570977
0.5800000000000001	0.034951549203641206
0.585	0.034676782741762585
0.59	0.034405416672393656
0.595	0.034137359409652526
0.6	0.033872522730003934
0.605	0.033610821604012284
0.61	0.033352174038479905
0.615	0.03309650092818478
0.62	0.0328437259165479
0.625	0.03259377526453395
0.63	0.032346577727270204
0.635	0.032102064437775316
0.64	0.03186016879732799
0.645	0.03162082637203558
0.65	0.03138397479516288
0.655	0.031149553674823853
0.66	0.030917504506696166
0.665	0.030687770591434942
0.67	0.030460296956447832
0.675	0.030235030281777157
0.68	0.030011918829833027
0.685	0.02979091237869679
0.69	0.029571962158808668
0.695	0.02935502079282706
0.7	0.029140042238425153
0.705	0.028926981733920862
0.71	0.028715795746469104
0.715	0.028506441922750564
0.72	0.02829887904199875
0.7250000000000001	0.02809306697115289
0.7300000000000001	0.027888966622117192
0.7350000000000001	0.027686539910926174
0.7400000000000001	0.02748574971874442
0.7450000000000001	0.027286559854575676
0.7500000000000001	0.027088935019647962
0.7550000000000001	0.026892840773246728
0.76	0.02669824350005581
0.765	0.02650511037887005
0.77	0.026313409352544198
0.775	0.02612310909925273
0.78	0.025934179004805727
0.785	0.025746589136152825
0.79	0.025560310215813717
0.7949999999999999	0.025375313597373075
0.7999999999999999	0.025191571241894292
0.8049999999999999	0.025009055695177345
0.8099999999999999	0.024827740065814997
0.815	0.0246475980041194
0.82	0.02446860368166674
0.825	0.02429073177176878
0.83	0.024113957430282905
0.835	0.023938256277309174
0.84	0.023763604379374036
0.845	0.023589978232274954
0.85	0.023417354744170393
0.855	0.023245711219562735
0.86	0.02307502534357015
0.865	0.022905275166322535
0.87	0.0227364390884811
0.875	0.022568495846555615
0.88	0.022401424498676145
0.885	0.02223520441099171
0.89	0.022069815244108445
0.895	0.021905236939924962
0.9	0.021741449708799345
0.905	0.021578434016804128
0.91	0.021416170573429327
0.915	0.02125464031928236
0.92	0.021093824414307516
0.925	0.020933704225631497
0.93	0.02077426131614194
0.935	0.020615477433023548
0.9400000000000001	0.02045733449606412
0.9450000000000001	0.02029981458652183
0.9500000000000001	0.02014289993607125
0.9550000000000001	0.01998657291523362
0.9600000000000001	0.019830816022563723
0.9650000000000001	0.019675611873461868
0.9700000000000001	0.019520943189044397
0.9750000000000001	0.01936679278511794
0.9800000000000001	0.019213143560832435
0.9850000000000001	0.01905997848781757
0.9900000000000001	0.018907280598390325
0.9950000000000001	0.018755032974805314
1.	0.018603218737229893