0.2	-0.010925860740705487
0.20500000000000002	-0.0100930090410529
0.21000000000000002	-0.009494978030656518
0.21500000000000002	-0.009051888342173664
0.22	-0.008716190285318535
0.225	-0.00845781154122247
0.23	-0.008256804663616482
0.23500000000000001	-0.008099418927169713
0.24000000000000002	-0.007975869769332003
0.245	-0.007879007336420243
0.25	-0.0078034878654834605
0.255	-0.00774523941954383
0.26	-0.007701106764813038
0.265	-0.007668608991330876
0.27	-0.007645770194718086
0.275	-0.007630998738281214
0.28	-0.007622999563853072
0.28500000000000003	-0.007620709449011732
0.29000000000000004	-0.00762324849159009
0.29500000000000004	-0.007629883261958894
0.30000000000000004	-0.007639998472241133
0.30500000000000005	-0.007653074948730583
0.31000000000000005	-0.007668672328463343
0.31500000000000006	-0.007686415337845723
0.32000000000000006	-0.0077059828166343
0.32500000000000007	-0.007727098866999475
0.33000000000000007	-0.007749525662769914
0.335	-0.007773057566836444
0.34	-0.007797516287609832
0.34500000000000003	-0.007822746866978552
0.35000000000000003	-0.007848614338342946
0.35500000000000004	-0.007875000928195262
0.36000000000000004	-0.007901803701333606
0.36500000000000005	-0.007928932570265973
0.37000000000000005	-0.00795630860522499
0.37500000000000006	-0.00798386259359036
0.38000000000000006	-0.00801153380724748
0.385	-0.008039268944102406
0.39	-0.008067021216092691
0.395	-0.008094749560937689
0.4	-0.008122417958809728
0.405	-0.008149994838302069
0.41000000000000003	-0.008177452558656643
0.41500000000000004	-0.00820476695734083
0.42000000000000004	-0.00823191695379405
0.425	-0.008258884201603258
0.43	-0.008285652782549436
0.435	-0.008312208936955409
0.44	-0.008338540825583829
0.445	-0.008364638319030452
0.45	-0.008390492811122424
0.455	-0.008416097053337174
0.46	-0.008441445007651772
0.465	-0.00846653171559672
0.47000000000000003	-0.008491353181575468
0.47500000000000003	-0.00851590626877362
0.48000000000000004	-0.008540188606190522
0.48500000000000004	-0.008564198505521195
0.49000000000000005	-0.008587934886766279
0.49500000000000005	-0.00861139721160246
0.5	-0.008634585423641613
0.505	-0.0086574998948357
0.51	-0.00868014137735511
0.515	-0.008702510960356156
0.52	-0.00872461003112095
0.525	-0.008746440240102763
0.53	-0.008768003469484139
0.535	-0.008789301804865684
0.54	-0.008810337509786876
0.545	-0.00883111300277202
0.55	-0.00885163083666334
0.555	-0.008871893680000735
0.56	-0.008891904300246839
0.565	-0.008911665548688472
0.57	-0.008931180346829487
0.575	-0.008950451674142703
0.58	-0.0089694825570539
0.585	-0.008988276059028273
0.59	-0.009006835271653623
0.595	-0.009025163306634859
0.6	-0.009043263288606444
0.605	-0.00906113834869197
0.61	-0.00907879161872916
0.615	-0.00909622622609984
0.62	-0.009113445289125601
0.625	-0.009130451912960727
0.6299999999999999	-0.009147249185919965
0.635	-0.009163840176244024
0.6399999999999999	-0.00918022792922694
0.6449999999999999	-0.00919641546467429
0.6499999999999999	-0.009212405774676326
0.655	-0.009228201821657171
0.66	-0.009243806536689145
0.665	-0.00925922281800598
0.67	-0.00927445352975184
0.675	-0.009289501500896885
0.68	-0.009304369524354872
0.685	-0.009319060356196052
0.6900000000000001	-0.00933357671507608
0.6950000000000001	-0.009347921281721483
0.7000000000000001	-0.009362096698573462
0.7050000000000001	-0.009376105569505803
0.7100000000000001	-0.009389950459668837
0.7150000000000001	-0.009403633895360565
0.72	-0.009417158364052854
0.7250000000000001	-0.009430526314401073
0.73	-0.009443740156392709
0.735	-0.009456802261449683
0.74	-0.009469714962707296
0.7450000000000001	-0.009482480555238109
0.7500000000000001	-0.009495101296317214
0.7550000000000001	-0.009507579405810629
0.7600000000000001	-0.009519917066482333
0.7650000000000001	-0.009532116424379655
0.7700000000000001	-0.009544179589277198
0.7750000000000001	-0.009556108635030293
0.7800000000000001	-0.009567905600102913
0.7850000000000001	-0.009579572487960231
0.7900000000000001	-0.009591111267559013
0.7950000000000002	-0.009602523873849508
0.8000000000000002	-0.009613812208218456
0.8050000000000002	-0.009624978139002845
0.81	-0.009636023502016191
0.8150000000000002	-0.009646950101011386
0.8200000000000001	-0.00965775970819852
0.8250000000000001	-0.009668454064783309
0.8300000000000001	-0.009679034881447501
0.835	-0.009689503838837488
0.84	-0.009699862588097227
0.845	-0.009710112751402268
0.85	-0.009720255922377703
0.855	-0.00973029366669055
0.86	-0.0097402275224816
0.865	-0.009750059000873324
0.87	-0.009759789586454737
0.875	-0.009769420737757823
0.88	-0.009778953887741942
0.885	-0.009788390444286012
0.89	-0.009797731790573113
0.895	-0.009806979285668847
0.8999999999999999	-0.009816134264830356
0.905	-0.009825198040042551
0.9099999999999999	-0.009834171900447585
0.9149999999999999	-0.00984305711276807
0.9199999999999999	-0.00985185492175799
0.925	-0.009860566550504215
0.93	-0.009869193201011397
0.935	-0.009877736054427832
0.9400000000000001	-0.009886196271619836
0.9450000000000001	-0.009894574993382333
0.9500000000000001	-0.009902873341018624
0.9550000000000001	-0.009911092416511415
0.9600000000000001	-0.00991923330308865
0.9650000000000001	-0.00992729706541928
0.9700000000000001	-0.009935284750018104
0.9750000000000001	-0.0099431973856029
0.9800000000000001	-0.00995103598360629
0.9850000000000001	-0.009958801538146534
0.99	-0.009966495026801678
0.9950000000000001	-0.009974117410392965
1.	-0.009981669633839714
1.0050000000000001	-0.009989152626181256
1.01	-0.009996567300924115
1.0150000000000001	-0.010003914556271155
1.02	-0.01001119527566752
1.0250000000000001	-0.010018410327699165
1.03	-0.010025560566916971
1.0350000000000001	-0.010032646833351708
1.04	-0.010039669953554271
1.0450000000000002	-0.010046630740395563
1.05	-0.010053529993358325
1.0550000000000002	-0.010060368499208775
1.06	-0.010067147031582237
1.0650000000000002	-0.010073866351565137
1.07	-0.010080527208231141
1.0750000000000002	-0.010087130338374857
1.08	-0.01009367646699932
1.0850000000000002	-0.010100166307386109
1.09	-0.010106600561457742
1.0950000000000002	-0.01011297992005201
1.1	-0.010119305062838771
1.105	-0.010125576659053899
1.1099999999999999	-0.010131795366787962
1.115	-0.010137961834412918
1.1199999999999999	-0.010144076699572074
1.125	-0.010150140590386434
1.13	-0.01015615412481642
1.135	-0.010162117911235013
1.14	-0.010168032548821078
1.145	-0.010173898627080527
1.15	-0.010179716727153185
1.155	-0.01018548742020143
1.16	-0.01019121126945434
1.165	-0.010196888829345394
1.17	-0.010202520645384605
1.175	-0.01020810725565663
1.18	-0.010213649189265806
1.185	-0.01021914696772331
1.19	-0.010224601104742747
1.195	-0.01023001210607537
1.2	-0.01023538047015898
1.205	-0.010240706687749651
1.21	-0.010245991242574611
1.215	-0.01025123461089316
1.22	-0.01025643726228182
1.225	-0.010261599658802785
1.23	-0.010266722256347144
1.235	-0.010271805503779098
1.24	-0.010276849843649995
1.245	-0.010281855711986015
1.25	-0.010286823538089292
1.2550000000000001	-0.01029175374545895
1.26	-0.01029664675183828
1.2650000000000001	-0.01030150296777661
1.27	-0.010306322799354747
1.2750000000000001	-0.010311106646074906
1.28	-0.010315854901086188
1.285	-0.010320567954005013
1.2899999999999998	-0.010325246186280529
1.295	-0.01032988997629011
1.2999999999999998	-0.010334499695471558
1.305	-0.010339075711185523
1.3099999999999998	-0.0103436183851782
1.315	-0.010348128073382755
1.3199999999999998	-0.010352605128222628
1.325	-0.010357049896483951
1.3299999999999998	-0.010361462719708676
1.335	-0.010365843935740611
1.3399999999999999	-0.010370193876859139
1.345	-0.010374512871819381
1.3499999999999999	-0.010378801243347124
1.355	-0.010383059310952751
1.3599999999999999	-0.010387287390035695
1.365	-0.01039148579101163
1.3699999999999999	-0.010395654819887157
1.375	-0.010399794778930082
1.38	-0.010403905966935854
1.385	-0.010407988678166686
1.39	-0.010412043202436274
1.395	-0.010416069826278263
1.4	-0.010420068833013114
1.405	-0.010424040500768667
1.41	-0.010427985104906867
1.415	-0.010431902917291819
1.42	-0.010435794205745445
1.425	-0.010439659236117053
1.43	-0.010443498267516315
1.435	-0.01044731155877795
1.44	-0.010451099363817457
1.445	-0.010454861934210292
1.45	-0.010458599517363892
1.455	-0.010462312358428282
1.46	-0.01046600069851228
1.465	-0.010469664776580276
1.47	-0.010473304826708534
1.475	-0.010476921082816356
1.48	-0.010480513774027849
1.485	-0.010484083126295531
1.49	-0.010487629364925017
1.495	-0.010491152708101045
1.5	-0.010494653376558723
1.5050000000000001	-0.010498131584947954
1.51	-0.010501587545593282
1.5150000000000001	-0.010505021469145944
1.52	-0.010508433562487006
1.5250000000000001	-0.010511824031231073
1.53	-0.010515193077896804
1.5350000000000001	-0.01051854090258478
1.54	-0.010521867700575751
1.5450000000000002	-0.01052517366970635
1.55	-0.010528459001519833
1.555	-0.01053172388652841
1.5599999999999998	-0.010534968512099138
1.565	-0.010538193066477691
1.5699999999999998	-0.010541397730232976
1.575	-0.010544582685799485
1.5799999999999998	-0.010547748113236296
1.585	-0.010550894189016774
1.5899999999999999	-0.010554021087902862
1.595	-0.010557128981765324
1.5999999999999999	-0.010560218044508993
1.605	-0.01056328844291173
1.6099999999999999	-0.010566340342794182
1.615	-0.010569373909041401
1.6199999999999999	-0.010572389307474039
1.625	-0.010575386696305812
1.63	-0.010578366235971262
1.635	-0.010581328083632118
1.64	-0.010584272395681212
1.645	-0.010587199322853067
1.65	-0.010590109018827015
1.655	-0.010593001636547264
1.66	-0.01059587732038514
1.665	-0.010598736218927705
1.67	-0.0106015784764607
1.675	-0.010604404236691423
1.68	-0.010607213643341605
1.685	-0.01061000683290462
1.69	-0.010612783947396488
1.695	-0.010615545121091316
1.7	-0.010618290491340932
1.705	-0.010621020193278137
1.71	-0.010623734356711599
1.715	-0.01062643311410978
1.72	-0.010629116593846695
1.725	-0.010631784925182748
1.73	-0.010634438236996805
1.735	-0.010637076650592108
1.74	-0.010639700293593577
1.745	-0.010642309284293695
1.75	-0.010644903747915685
1.7550000000000001	-0.010647483802238868
1.76	-0.010650049567184516
1.7650000000000001	-0.010652601160044035
1.77	-0.010655138694299926
1.7750000000000001	-0.010657662286898689
1.78	-0.01066017205454838
1.7850000000000001	-0.010662668104263822
1.79	-0.010665150548888844
1.7950000000000002	-0.010667619501185563
1.8	-0.010670075066599926
1.8050000000000002	-0.010672517355295442
1.81	-0.010674946468993536
1.8150000000000002	-0.010677362520128245
1.82	-0.010679765607942539
1.825	-0.010682155838839958
1.8299999999999998	-0.010684533307278466
1.835	-0.010686898129168681
1.8399999999999999	-0.010689250388292243
1.845	-0.01069159019110712
1.8499999999999999	-0.010693917641709938
1.855	-0.010696232824040999
1.8599999999999999	-0.010698535843555904
1.865	-0.010700826792694365
1.8699999999999999	-0.010703105765220293
1.875	-0.010705372851397665
1.88	-0.010707628145248872
1.885	-0.010709871740910185
1.89	-0.01071210372199619
1.895	-0.010714324182978347
1.9	-0.010716533216123703
1.905	-0.010718730893739146
1.91	-0.010720917317986009
1.915	-0.010723092569905767
1.92	-0.010725256728387462
1.925	-0.010727409885609801
1.93	-0.010729552118586332
1.935	-0.010731683512914087
1.94	-0.010733804150889774
1.945	-0.010735914109199982
1.95	-0.010738013475398722
1.955	-0.01074010231738567
1.96	-0.01074218072566147
1.965	-0.010744248766406573
1.97	-0.010746306523721919
1.975	-0.010748354069177301
1.98	-0.010750391478167781
1.985	-0.010752418832321803
1.99	-0.010754436200771912
1.995	-0.0107564436541299
2.	-0.010758441269320938