0.2	0.12809072771071503
0.20500000000000002	0.11942416649930686
0.21000000000000002	0.11258242637612392
0.21500000000000002	0.10701028804664842
0.22	0.1023619791439948
0.225	0.09840969326443973
0.23	0.09499658746763494
0.23500000000000001	0.09201078296839066
0.24000000000000002	0.08937011530116244
0.245	0.08701275178347645
0.25	0.08489118487118391
0.255	0.08296825539085016
0.26	0.08121444280646357
0.265	0.07960597220098745
0.27	0.07812346262789584
0.275	0.07675094323254235
0.28	0.07547512469735669
0.28500000000000003	0.07428485141120363
0.29000000000000004	0.07317068380131278
0.295	0.07212457589304387
0.3	0.07113962353653804
0.305	0.07020986575769765
0.31	0.0693301265218723
0.315	0.06849588757673365
0.32	0.06770318543744236
0.325	0.06694852730031509
0.33	0.06622882192541373
0.33499999999999996	0.0655413224518722
0.33999999999999997	0.06488357879685555
0.345	0.0642533978053666
0.35	0.06364880970971251
0.355	0.06306803975702469
0.36	0.06250948409427533
0.365	0.06197168917979578
0.37	0.06145333413085209
0.375	0.06095321552759646
0.38	0.06047023428156124
0.385	0.06000338424696163
0.39	0.059551742309328054
0.39499999999999996	0.05911445973138535
0.39999999999999997	0.05869075457291304
0.405	0.05827990503133711
0.41000000000000003	0.05788124357437908
0.41500000000000004	0.057494151756311555
0.42000000000000004	0.05711805562606921
0.42500000000000004	0.05675242164932811
0.43000000000000005	0.056396753078199864
0.43500000000000005	0.056050586711838365
0.44000000000000006	0.05571348999935132
0.445	0.055385058443217276
0.45	0.05506491326716942
0.455	0.05475269931738022
0.46	0.054448083169927185
0.465	0.0541507514210528
0.47000000000000003	0.053860409139753415
0.47500000000000003	0.05357677846481865
0.48000000000000004	0.05329959733067278
0.485	0.05302861830828197
0.49	0.05276360754905231
0.495	0.05250434382107928
0.5	0.052250617628346964
0.505	0.052002230404568243
0.51	0.05175899377429538
0.515	0.051520728874757935
0.52	0.051287265732600916
0.525	0.05105844269034786
0.53	0.050834105877937207
0.535	0.050614108725211555
0.54	0.05039831151163597
0.545	0.050186580949925286
0.55	0.04997878980058466
0.5549999999999999	0.04977481651468437
0.5599999999999999	0.04957454490243863
0.565	0.049377863825404045
0.57	0.049184666910322306
0.575	0.04899485228282141
0.58	0.048808322319356126
0.585	0.048624983415922536
0.59	0.04844474577220701
0.595	0.0482675231899621
0.6	0.04809323288451301
0.605	0.047921795308366474
0.61	0.047753133986032585
0.615	0.04758717535919946
0.62	0.04742384864151219
0.625	0.047263085682238186
0.63	0.0471048208381776
0.635	0.0469489908532619
0.64	0.04679553474524013
0.645	0.046644393698993133
0.65	0.046495510966059514
0.655	0.04634883176982876
0.66	0.04620430321615383
0.665	0.046061874208932395
0.67	0.045921495370363066
0.675	0.04578311896555048
0.68	0.04564669883122049
0.685	0.04551219030821705
0.6900000000000001	0.04537955017759795
0.6950000000000001	0.04524873660007091
0.7000000000000001	0.04511970905857418
0.7050000000000001	0.044992428303832134
0.7100000000000001	0.04486685630260097
0.7150000000000001	0.044742956188648
0.7200000000000001	0.044620692216018144
0.7250000000000001	0.04450002971478067
0.7300000000000001	0.04438093504875239
0.7350000000000001	0.04426337557543533
0.7400000000000001	0.04414731960777876
0.7450000000000001	0.044032736377748474
0.7500000000000001	0.04391959600170969
0.7550000000000001	0.04380786944727905
0.7600000000000001	0.043697528501843934
0.7650000000000001	0.04358854574241535
0.7700000000000001	0.04348089450693963
0.7750000000000001	0.043374548866811365
0.7800000000000001	0.04326948360068069
0.7850000000000001	0.04316567416938137
0.7900000000000001	0.04306309669194778
0.7950000000000002	0.042961727922708984
0.8000000000000002	0.04286154522934295
0.8049999999999999	0.04276252657186232
0.8099999999999999	0.04266465048249367
0.815	0.04256789604642303
0.82	0.042472242883276064
0.825	0.04237767112948697
0.83	0.042284161421224445
0.835	0.04219169487813249
0.84	0.042100253087702544
0.845	0.04200981809025737
0.85	0.04192037236445053
0.855	0.04183189881351568
0.86	0.04174438075193032
0.865	0.04165780189249273
0.87	0.041572146334160336
0.875	0.041487398550190985
0.88	0.04140354337666635
0.885	0.041320566001577186
0.89	0.04123845195425692
0.895	0.04115718709524849
0.9	0.04107675760647383
0.905	0.04099714998178114
0.91	0.04091835101787585
0.915	0.040840347805572295
0.92	0.04076312772129318
0.925	0.04068667841893058
0.93	0.040610987822019474
0.935	0.040536044116021436
0.9400000000000001	0.040461835741173464
0.9450000000000001	0.04038835138519953
0.9500000000000001	0.04031557997668638
0.9550000000000001	0.04024351067832476
0.9600000000000001	0.0401721328805103
0.9650000000000001	0.04010143619540976
0.9700000000000001	0.04003141045064887
0.9750000000000001	0.03996204568389148
0.9800000000000001	0.03989333213695652
0.9850000000000001	0.039825260250739
0.9900000000000001	0.03975782065957632
0.9950000000000001	0.03969100418676668
1.	0.039624801839069364