0.2	0.20195540992753405
0.20500000000000002	0.19199782281050465
0.21000000000000002	0.18397850249610714
0.21500000000000002	0.17737058252995852
0.22	0.17182557604794485
0.225	0.16710286298836913
0.23	0.16303044764835042
0.23500000000000001	0.15948183030462948
0.24000000000000002	0.15636172222333375
0.24500000000000002	0.15359687144590595
0.25	0.15112997283558102
0.255	0.1489155091798932
0.26	0.14691684025191298
0.265	0.14510412093325803
0.27	0.14345278362797811
0.275	0.14194241309373704
0.28	0.14055589944770325
0.28500000000000003	0.13927879178676675
0.29000000000000004	0.13809879875310146
0.29500000000000004	0.13700539826263133
0.30000000000000004	0.1359895293779634
0.305	0.13504334672636556
0.31	0.13416002305747074
0.315	0.13333358922441826
0.32	0.13255880352711633
0.325	0.13183104429059467
0.33	0.13114622097672285
0.33499999999999996	0.1305007001889603
0.34	0.12989124372801242
0.34500000000000003	0.12931495646208688
0.35000000000000003	0.12876924223922667
0.35500000000000004	0.1282517664271168
0.36000000000000004	0.12776042394409448
0.36500000000000005	0.12729331186308718
0.37	0.12684870584209257
0.375	0.12642503977122876
0.38	0.12602088813528337
0.385	0.1256349506781394
0.39	0.1252660390260554
0.395	0.12491306498406662
0.4	0.12457503026649713
0.405	0.12425101746085433
0.41000000000000003	0.12394018205588075
0.41500000000000004	0.12364174539057823
0.42000000000000004	0.12335498840262948
0.42500000000000004	0.12307924607264376
0.43000000000000005	0.1228139024757111
0.43500000000000005	0.12255838636438005
0.44000000000000006	0.12231216721781776
0.445	0.12207475170089767
0.45	0.12184568048457857
0.455	0.1216245253854176
0.46	0.12141088678758118
0.465	0.12120439131543713
0.47000000000000003	0.12100468972886519
0.475	0.12081145501689601
0.48000000000000004	0.12062438066829409
0.48500000000000004	0.1204431791002811
0.49000000000000005	0.12026758022885335
0.49500000000000005	0.12009733016607692
0.5	0.11993219003145257
0.505	0.11977193486590651
0.51	0.1196163526382598
0.515	0.11946524333515396
0.52	0.11931841812639764
0.525	0.11917569859857705
0.53	0.11903691605052265
0.535	0.1189019108449148
0.54	0.11877053181089625
0.545	0.11864263569309291
0.55	0.11851808664290014
0.555	0.11839675574832513
0.56	0.1182785205990292
0.5650000000000001	0.11816326488353336
0.5700000000000001	0.11805087801588182
0.5750000000000001	0.11794125478926797
0.5800000000000001	0.11783429505439398
0.585	0.11772990342054646
0.59	0.11762798897752255
0.595	0.11752846503676263
0.6	0.11743124889014481
0.605	0.11733626158506162
0.61	0.11724342771452347
0.615	0.11715267522113046
0.62	0.11706393521384582
0.625	0.11697714179663646
0.63	0.11689223190806969
0.635	0.11680914517108291
0.64	0.11672782375216338
0.645	0.1166482122292692
0.65	0.11657025746789049
0.655	0.11649390850460838
0.66	0.11641911643771835
0.665	0.11634583432434324
0.67	0.1162740170836416
0.675	0.1162036214056843
0.68	0.11613460566560409
0.685	0.11606692984268364
0.69	0.11600055544404736
0.695	0.11593544543264889
0.7	0.11587156415929593
0.705	0.1158088772984168
0.71	0.1157473517873754
0.715	0.11568695576906003
0.72	0.11562765853759648
0.7250000000000001	0.11556943048694208
0.7300000000000001	0.11551224306219289
0.7350000000000001	0.11545606871348149
0.7400000000000001	0.11540088085224841
0.7450000000000001	0.11534665380976876
0.7500000000000001	0.11529336279782586
0.7550000000000001	0.11524098387135835
0.76	0.11518949389299314
0.765	0.1151388704993665
0.77	0.11508909206908545
0.775	0.11504013769229036
0.78	0.11499198714168551
0.785	0.11494462084495156
0.79	0.1148980198585377
0.7949999999999999	0.1148521658426518
0.7999999999999999	0.11480704103743844
0.8049999999999999	0.11476262824029115
0.8099999999999999	0.11471891078421981
0.815	0.1146758725171837
0.82	0.11463349778240509
0.825	0.11459177139959885
0.83	0.11455067864694204
0.835	0.11451020524402694
0.84	0.11447033733538045
0.845	0.11443106147486212
0.85	0.11439236461066361
0.855	0.11435423407099013
0.86	0.11431665755035716
0.865	0.11427962309644243
0.87	0.11424311909759073
0.875	0.11420713427071615
0.88	0.11417165764983642
0.885	0.11413667857498573
0.89	0.11410218668165675
0.895	0.11406817189065697
0.9	0.11403462439834616
0.905	0.11400153466734203
0.91	0.11396889341747858
0.915	0.11393669161733122
0.92	0.11390492047582079
0.925	0.1138735714343717
0.93	0.11384263615923053
0.935	0.1138121065342232
0.9400000000000001	0.11378197465359215
0.9450000000000001	0.11375223281532904
0.9500000000000001	0.1137228735146631
0.9550000000000001	0.11369388943771307
0.9600000000000001	0.11366527345554896
0.9650000000000001	0.11363701861834091
0.9700000000000001	0.11360911814979965
0.9750000000000001	0.11358156544183405
0.9800000000000001	0.11355435404928929
0.9850000000000001	0.11352747768504806
0.9900000000000001	0.11350093021511083
0.9950000000000001	0.11347470565416515
1.	0.11344879816087992