0.2	-0.014717283078303164
0.20500000000000002	-0.014032451303277124
0.21000000000000002	-0.013552055887232009
0.21500000000000002	-0.013212450631487986
0.22	-0.012973505391413481
0.225	-0.012808650736502636
0.23	-0.012699589769406454
0.23500000000000001	-0.012633308913900788
0.24000000000000002	-0.012600299999836261
0.245	-0.012593456868126074
0.25	-0.012607365407733611
0.255	-0.012637832308288351
0.26	-0.012681563669257679
0.265	-0.012735940519817756
0.27	-0.012798858672445304
0.275	-0.012868612290053495
0.28	-0.012943807781745644
0.28500000000000003	-0.013023299140409552
0.29000000000000004	-0.013106138700476447
0.29500000000000004	-0.013191539159433375
0.3	-0.013278843945347792
0.305	-0.013367503850247849
0.31	-0.013457058425039706
0.315	-0.013547121033627346
0.32	-0.013637366748502721
0.325	-0.013727522474235141
0.33	-0.013817358833538601
0.335	-0.0139066834594864
0.34	-0.01399533541828127
0.34500000000000003	-0.014083180547609847
0.35	-0.014170107541504249
0.355	-0.014256024647689422
0.36	-0.014340856870400901
0.365	-0.014424543592628066
0.37	-0.014507036548150389
0.375	-0.014588298086666647
0.38	-0.014668299685582448
0.385	-0.014747020670221366
0.39	-0.014824447110814496
0.395	-0.01490057086995181
0.4	-0.014975388778512115
0.405	-0.015048901921626893
0.41000000000000003	-0.015121115019145311
0.41500000000000004	-0.01519203588746606
0.42	-0.01526167497159518
0.425	-0.015330044937944867
0.43	-0.015397160319777033
0.435	-0.01546303720835709
0.44	-0.01552769298386387
0.445	-0.015591146080934277
0.45	-0.01565341578441824
0.455	-0.01571452205152146
0.46	-0.015774485357023336
0.465	-0.015833326558695307
0.47	-0.015891066780414183
0.475	-0.015947727310793455
0.48	-0.01600332951542938
0.485	-0.01605789476110246
0.49	-0.016111444350473066
0.495	-0.016163999466004095
0.5	-0.016215581121989182
0.505	-0.016266210123703148
0.51	-0.01631590703281425
0.515	-0.016364692138297336
0.52	-0.016412585432179938
0.525	-0.016459606589529233
0.53	-0.01650577495216469
0.535	-0.01655110951563406
0.54	-0.016595628919049064
0.545	-0.016639351437420683
0.55	-0.01668229497618603
0.555	-0.01672447706763534
0.56	-0.016765914868997724
0.5650000000000001	-0.016806625161980088
0.5700000000000001	-0.016846624353535816
0.5750000000000001	-0.016885928477723744
0.5800000000000001	-0.01692455319849223
0.5850000000000001	-0.016962513813246538
0.5900000000000001	-0.01699982525710588
0.5950000000000001	-0.017036502107715318
0.6000000000000001	-0.017072558590551897
0.6050000000000001	-0.017108008584617643
0.6100000000000001	-0.017142865628460083
0.6150000000000001	-0.017177142926460838
0.62	-0.017210853355329576
0.625	-0.017244009470754582
0.63	-0.017276623514175395
0.635	-0.01730870741962524
0.64	-0.01734027282063114
0.645	-0.017371331057131907
0.65	-0.017401893182363487
0.655	-0.017431969969766082
0.66	-0.01746157191978814
0.665	-0.01749070926667032
0.67	-0.017519391985136093
0.675	-0.01754762979698947
0.6799999999999999	-0.01757543217762968
0.6849999999999999	-0.017602808362447386
0.69	-0.017629767353111257
0.695	-0.01765631792375192
0.7	-0.017682468626988843
0.705	-0.017708227799875086
0.71	-0.01773360356967577
0.715	-0.01775860385955081
0.72	-0.017783236394070548
0.725	-0.017807508704624157
0.73	-0.01783142813470692
0.735	-0.01785500184503129
0.74	-0.017878236818562543
0.745	-0.017901139865385902
0.75	-0.017923717627460378
0.755	-0.017945976583251522
0.76	-0.017967923052225446
0.765	-0.01798956319923822
0.77	-0.018010903038787145
0.775	-0.01803194843915139
0.78	-0.018052705126417802
0.785	-0.01807317868841992
0.79	-0.018093374578500777
0.7949999999999999	-0.018113298119223513
0.7999999999999999	-0.01813295450597202
0.8049999999999999	-0.018152348810424154
0.8099999999999999	-0.018171485983926292
0.815	-0.018190370860809317
0.82	-0.018209008161567394
0.825	-0.018227402495921745
0.83	-0.018245558365917115
0.835	-0.018263480168727777
0.84	-0.018281172199598822
0.845	-0.01829863865453095
0.8500000000000001	-0.018315883632983997
0.8550000000000001	-0.018332911140432187
0.8600000000000001	-0.018349725090969306
0.8650000000000001	-0.018366329309638354
0.8700000000000001	-0.018382727534871548
0.8750000000000001	-0.018398923420798723
0.8800000000000001	-0.01841492053945646
0.8850000000000001	-0.018430722382955123
0.8900000000000001	-0.018446332365597045
0.8950000000000001	-0.018461753825908884
0.9000000000000001	-0.018476990028661752
0.905	-0.018492044166748392
0.91	-0.01850691936310266
0.915	-0.01852161867243534
0.92	-0.01853614508311218
0.925	-0.01855050151876999
0.93	-0.018564690840047013
0.935	-0.018578715846103624
0.9400000000000001	-0.018592579276330904
0.9450000000000001	-0.018606283811755747
0.9500000000000001	-0.018619832076523478
0.9550000000000001	-0.018633226639430615
0.96	-0.01864647001522181
0.965	-0.018659564666004793
0.97	-0.018672513002524656
0.975	-0.018685317385474565
0.98	-0.018697980126741297
0.985	-0.018710503490572534
0.99	-0.01872288969478919
0.995	-0.018735140911942897
1.	-0.018747259270337383
1.005	-0.018759246855230158
1.01	-0.018771105709823054
1.0150000000000001	-0.0187828378362002
1.02	-0.0187944451964627
1.0250000000000001	-0.01880592971360428
1.03	-0.01881729327248302
1.0350000000000001	-0.018828537720698212
1.04	-0.018839664869451225
1.0450000000000002	-0.01885067649452524
1.05	-0.01886157433703451
1.0550000000000002	-0.0188723601042344
1.06	-0.018883035470336533
1.0650000000000002	-0.018893602077241212
1.07	-0.01890406153537772
1.075	-0.018914415424426786
1.08	-0.018924665293883276
1.085	-0.01893481266386718
1.09	-0.01894485902586155
1.095	-0.018954805843284683
1.1	-0.018964654551973003
1.105	-0.01897440656124383
1.11	-0.018984063253930428
1.115	-0.018993625987463927
1.12	-0.01900309609416256
1.125	-0.019012474881929465
1.13	-0.019021763634678498
1.135	-0.01903096361294679
1.14	-0.01904007605439161
1.145	-0.019049102174378444
1.15	-0.01905804316631695
1.155	-0.01906690020214424
1.16	-0.019075674433036857
1.165	-0.019084366989529023
1.17	-0.019092978982184313
1.175	-0.019101511502071976
1.18	-0.019109965620766983
1.1849999999999998	-0.01911834239138142
1.19	-0.019126642848500824
1.1949999999999998	-0.019134868008731255
1.2	-0.019143018871021652
1.2049999999999998	-0.01915109641735084
1.21	-0.019159101612536738
1.2149999999999999	-0.01916703540493996
1.22	-0.01917489872684398
1.2249999999999999	-0.019182692494557764
1.23	-0.0191904176090839
1.2349999999999999	-0.01919807495600036
1.2399999999999998	-0.019205665406145715
1.2449999999999999	-0.01921318981577937
1.2499999999999998	-0.019220649026780848
1.255	-0.019228043867306525
1.2599999999999998	-0.01923537515155194
1.265	-0.01924264368018985
1.2699999999999998	-0.019249850241139278
1.275	-0.01925699560920968
1.2799999999999998	-0.019264080546531517
1.285	-0.01927110580282361
1.29	-0.019278072115826737
1.295	-0.019284980211307073
1.3	-0.019291830803294975
1.305	-0.019298624594667513
1.31	-0.01930536227673731
1.315	-0.019312044529843277
1.32	-0.019318672024053508
1.325	-0.019325245418222423
1.33	-0.019331765361380104
1.335	-0.01933823249161656
1.34	-0.019344647438209975
1.345	-0.01935101081974735
1.3499999999999999	-0.01935732324549517
1.355	-0.01936358531525105
1.3599999999999999	-0.019369797619771954
1.365	-0.0193759607408524
1.3699999999999999	-0.019382075250717893
1.375	-0.019388141713635662
1.38	-0.019394160684907145
1.385	-0.01940013271166488
1.39	-0.01940605833271437
1.395	-0.019411938078420947
1.4	-0.019417772472014126
1.4049999999999998	-0.019423562028055716
1.41	-0.019429307253957917
1.4149999999999998	-0.019435008649412496
1.42	-0.019440666707000856
1.4249999999999998	-0.019446281911832248
1.43	-0.019451854741874317
1.4349999999999998	-0.019457385668324636
1.44	-0.019462875155298768
1.4449999999999998	-0.019468323660101483
1.45	-0.019473731633909412
1.455	-0.01947909952102833
1.46	-0.019484427759130354
1.465	-0.0194897167801829
1.47	-0.019494967009551993
1.475	-0.01950017886670984
1.48	-0.019505352765681685
1.485	-0.019510489113398453
1.49	-0.01951558831225767
1.495	-0.01952065075846188
1.5	-0.01952567684292492
1.5050000000000001	-0.01953066695071074
1.51	-0.01953562146192612
1.515	-0.019540540751385557
1.52	-0.019545425188288435
1.525	-0.0195502751375253
1.53	-0.01955509095781717
1.535	-0.01955987300432815
1.54	-0.01956462162658311
1.545	-0.01956933716945242
1.55	-0.019574019973012103
1.555	-0.01957867037298338
1.56	-0.01958328870081865
1.565	-0.019587875282817708
1.5699999999999998	-0.019592430441850633
1.575	-0.019596954495165422
1.5799999999999998	-0.019601447756974807
1.585	-0.019605910537445304
1.5899999999999999	-0.019610343141299544
1.595	-0.019614745870023917
1.5999999999999999	-0.019619119022191104
1.605	-0.01962346289051419
1.6099999999999999	-0.01962777776494473
1.615	-0.019632063931887808
1.6199999999999999	-0.019636321673420422
1.6249999999999998	-0.019640551268648984
1.63	-0.019644752992303578
1.6349999999999998	-0.019648927116075188
1.64	-0.019653073908256453
1.6449999999999998	-0.01965719363298714
1.65	-0.019661286551786596
1.6549999999999998	-0.01966535292362794
1.66	-0.019669393001418657
1.6649999999999998	-0.01967340703817648
1.67	-0.019677395282046387
1.675	-0.01968135797740633
1.68	-0.019685295367258507
1.685	-0.01968920768991895
1.69	-0.01969309518243521
1.695	-0.019696958077719554
1.7	-0.019700796605648326
1.705	-0.01970461099479602
1.71	-0.01970840146893664
1.715	-0.019712168250245292
1.72	-0.019715911557874843
1.725	-0.019719631608650652
1.73	-0.019723328616896137
1.7349999999999999	-0.019727002793266078
1.74	-0.019730654347476322
1.7449999999999999	-0.019734283484424457
1.75	-0.019737890409203988
1.755	-0.019741475323028817
1.76	-0.01974503842368407
1.765	-0.019748579908877392
1.77	-0.01975209997340877
1.775	-0.019755598807554245
1.78	-0.019759076602071685
1.785	-0.019762533544519855
1.7899999999999998	-0.01976596981932319
1.795	-0.019769385611505163
1.7999999999999998	-0.019772781099745878
1.805	-0.019776156464647254
1.8099999999999998	-0.01977951188055564
1.815	-0.019782847525859366
1.8199999999999998	-0.019786163570320925
1.825	-0.019789460185785375
1.8299999999999998	-0.019792737540868865
1.835	-0.01979599580224326
1.84	-0.019799235135897618
1.845	-0.01980245570310074
1.85	-0.019805657666122353
1.855	-0.019808841183818638
1.86	-0.01981200641531379
1.865	-0.019815153513538485
1.87	-0.019818282635405714
1.875	-0.019821393931716752
1.8800000000000001	-0.019824487552465145
1.885	-0.019827563648472022
1.8900000000000001	-0.019830622366173025
1.895	-0.019833663850888774
1.9	-0.019836688246846153
1.905	-0.019839695696407988
1.91	-0.019842686339709422
1.915	-0.019845660320287378
1.92	-0.019848617769494547
1.925	-0.019851558828952082
1.93	-0.019854483628180836
1.935	-0.019857392306990344
1.94	-0.01986028499237415
1.945	-0.019863161818461685
1.95	-0.019866022908222206
1.9549999999999998	-0.01986886839741244
1.96	-0.019871698406682493
1.9649999999999999	-0.019874513063140913
1.97	-0.019877312490820562
1.9749999999999999	-0.019880096810684623
1.98	-0.019882866145446924
1.9849999999999999	-0.019885620612436636
1.99	-0.01988836033314284
1.9949999999999999	-0.019891085421359776
2.	-0.01989379599665969