0.2	0.08879313608336316
0.20500000000000002	0.08536787837075867
0.21000000000000002	0.08271044314269711
0.21500000000000002	0.08060185625962812
0.22	0.0788993308845324
0.225	0.07750549762935968
0.23	0.0763515385976239
0.23500000000000001	0.0753873714643171
0.24000000000000002	0.07457565116619962
0.245	0.0738879529960396
0.25	0.07330225933335711
0.255	0.07280125563907816
0.26	0.072371145505295
0.265	0.07200080821059075
0.27	0.071681187983148
0.275	0.07140484350888651
0.28	0.07116561045992637
0.28500000000000003	0.07095834515188833
0.29000000000000004	0.07077872736941669
0.29500000000000004	0.07062310696898053
0.30000000000000004	0.07048838329830907
0.305	0.07037190951203282
0.31	0.07027141598296328
0.315	0.07018494850837062
0.32	0.07011081808631718
0.325	0.07004755981823671
0.33	0.06999389906777015
0.335	0.06994872343194383
0.34	0.069911059400334
0.345	0.06988005281977304
0.35	0.06985495246690114
0.355	0.06983509617310794
0.36	0.06981989905678564
0.365	0.06980884350407116
0.37	0.06980147060713865
0.375	0.06979737282285818
0.38	0.06979618765747865
0.385	0.06979759221731818
0.39	0.0698012984931136
0.395	0.06980704926808487
0.4	0.06981461455800594
0.405	0.06982378850649665
0.41000000000000003	0.06983438667099098
0.41500000000000004	0.06984624364495055
0.42000000000000004	0.06985921097025402
0.42500000000000004	0.06987315530065988
0.43000000000000005	0.06988795678303726
0.43500000000000005	0.06990350762792412
0.44	0.06991971084505988
0.445	0.06993647912297617
0.45	0.06995373383464182
0.455	0.06997140415362814
0.46	0.06998942626735323
0.465	0.07000774267575709
0.47000000000000003	0.07002630156528825
0.47500000000000003	0.07004505624938648
0.48000000000000004	0.07006396466778358
0.48500000000000004	0.07008298893789618
0.49	0.07010209495243783
0.495	0.07012125201808787
0.5	0.07014043253068492
0.505	0.07015961168295937
0.51	0.07017876720128566
0.515	0.0701978791083544
0.52	0.0702169295090131
0.525	0.07023590239686278
0.53	0.07025478347943026
0.535	0.07027356002002805
0.54	0.07029222069459137
0.545	0.07031075546198078
0.55	0.07032915544639382
0.5549999999999999	0.07034741283070264
0.56	0.07036552075961815
0.565	0.0703834732517446
0.5700000000000001	0.07040126511964309
0.575	0.07041889189714136
0.5800000000000001	0.07043634977321069
0.585	0.07045363553175972
0.5900000000000001	0.07047074649682211
0.595	0.07048768048261095
0.6000000000000001	0.07050443574799237
0.605	0.07052101095497698
0.6100000000000001	0.07053740513087021
0.615	0.07055361763371124
0.62	0.07056964812076771
0.625	0.07058549651972987
0.63	0.07060116300244189
0.635	0.07061664796090417
0.64	0.070631951985327
0.645	0.0706470758441057
0.65	0.07066202046552479
0.655	0.07067678692101366
0.66	0.07069137640987783
0.665	0.07070579024532657
0.67	0.07072002984169909
0.675	0.0707340967028165
0.6799999999999999	0.0707479924113137
0.685	0.07076171861892616
0.69	0.07077527703757394
0.6950000000000001	0.07078866943127506
0.7	0.07080189760871838
0.7050000000000001	0.07081496341652029
0.71	0.07082786873304409
0.7150000000000001	0.07084061546280725
0.72	0.07085320553133258
0.7250000000000001	0.07086564088052322
0.73	0.07087792346438396
0.7350000000000001	0.07089005524521882
0.74	0.07090203819009186
0.7450000000000001	0.07091387426766532
0.75	0.07092556544533393
0.7550000000000001	0.0709371136866156
0.76	0.07094852094880542
0.7650000000000001	0.07095978918083971
0.77	0.0709709203214299
0.7750000000000001	0.07098191629727704
0.78	0.07099277902163965
0.7849999999999999	0.07100351039285797
0.79	0.07101411229316953
0.7949999999999999	0.07102458658767397
0.8	0.07103493512329198
0.8049999999999999	0.07104515972798281
0.81	0.0710552622099821
0.815	0.07106524435717207
0.8200000000000001	0.0710751079364946
0.825	0.07108485469356504
0.8300000000000001	0.07109448635219
0.835	0.07110400461407736
0.8400000000000001	0.07111341115857771
0.845	0.07112270764245794
0.8500000000000001	0.07113189569977434
0.855	0.07114097694172904
0.8600000000000001	0.07114995295662678
0.865	0.07115882530983492
0.8700000000000001	0.07116759554376773
0.875	0.07117626517802102
0.8800000000000001	0.07118483570933948
0.885	0.07119330861173716
0.8900000000000001	0.07120168533662535
0.895	0.0712099673130352
0.9000000000000001	0.07121815594761426
0.905	0.07122625262493751
0.9099999999999999	0.07123425870762357
0.915	0.07124217553660446
0.9199999999999999	0.07125000443133127
0.925	0.07125774668989958
0.9299999999999999	0.07126540358947883
0.935	0.07127297638635957
0.94	0.07128046631641383
0.9450000000000001	0.07128787459514208
0.95	0.07129520241808157
0.9550000000000001	0.07130245096107986
0.96	0.07130962138042007
0.9650000000000001	0.07131671481328228
0.97	0.07132373237792984
0.9750000000000001	0.07133067517394284
0.98	0.07133754428264237
0.9850000000000001	0.07134434076721884
0.99	0.07135106567303952
0.9950000000000001	0.07135772002805472
1.	0.07136430484297861
1.0050000000000001	0.07137082111144905
1.01	0.07137726981057352
1.0150000000000001	0.07138365190101822
1.02	0.07138996832727314
1.0250000000000001	0.071396220018071
1.03	0.07140240788644703
1.035	0.07140853283015815
1.04	0.07141459573192635
1.045	0.07142059745974808
1.05	0.07142653886680542
1.055	0.0714324207923297
1.06	0.07143824406130853
1.065	0.07144400948499385
1.07	0.07144971786112125
1.075	0.0714553699739959
1.08	0.07146096659511009
1.085	0.07146650848289023
1.09	0.071471996383169
1.095	0.07147743102954514
1.1	0.07148281314339418
1.105	0.07148814343409461
1.11	0.07149342259942403
1.115	0.071498651325552
1.12	0.07150383028746479
1.125	0.07150896014890061
1.1300000000000001	0.07151404156286251
1.135	0.07151907517155798
1.1400000000000001	0.07152406160683544
1.145	0.07152900149003619
1.1500000000000001	0.07153389543246118
1.155	0.07153874403570482
1.16	0.07154354789118267
1.165	0.07154830758121494
1.17	0.07155302367836108
1.175	0.07155769674608477
1.18	0.07156232733885384
1.185	0.07156691600211014
1.19	0.07157146327278578
1.195	0.07157596967897029
1.2	0.07158043574056032
1.205	0.07158486196908846
1.21	0.07158924886803493
1.215	0.07159359693286839
1.22	0.07159790665123392
1.2249999999999999	0.07160217850308198
1.23	0.07160641296100713
1.2349999999999999	0.07161061049004039
1.24	0.07161477154799623
1.2449999999999999	0.07161889658547607
1.25	0.07162298604626771
1.255	0.07162704036687081
1.26	0.07163105997770308
1.265	0.07163504530208616
1.27	0.07163899675672969
1.275	0.07164291475228413
1.28	0.07164679969297819
1.285	0.07165065197664225
1.29	0.07165447199565123
1.295	0.07165826013573448
1.3	0.07166201677731572
1.305	0.07166574229463256
1.31	0.07166943705657683
1.315	0.0716731014264872
1.32	0.07167673576209511
1.325	0.07168034041607413
1.33	0.07168391573537215
1.335	0.07168746206254525
1.34	0.07169097973408528
1.345	0.07169446908226866
1.35	0.07169793043430013
1.355	0.07170136411245495
1.3599999999999999	0.07170477043420516
1.365	0.07170814971267334
1.3699999999999999	0.07171150225618497
1.375	0.0717148283688801
1.38	0.07171812834982166
1.385	0.07172140249447004
1.39	0.07172465109394219
1.395	0.07172787443469329
1.4	0.07173107279945998
1.405	0.07173424646679245
1.41	0.07173739571133651
1.415	0.07174052080401808
1.42	0.07174362201138322
1.425	0.07174669959672511
1.43	0.0717497538195081
1.435	0.07175278493512058
1.44	0.07175579319629245
1.445	0.07175877885135498
1.45	0.07176174214556838
1.455	0.07176468332033673
1.46	0.07176760261454361
1.465	0.0717705002631471
1.47	0.07177337649801603
1.475	0.07177623154781043
1.48	0.0717790656377857
1.4849999999999999	0.07178187899120785
1.49	0.0717846718266354
1.4949999999999999	0.07178744436085377
1.5	0.07179019680785471
1.505	0.07179292937752618
1.51	0.0717956422779468
1.515	0.07179833571399505
1.52	0.0718010098882638
1.525	0.0718036649995819
1.53	0.07180630124593555
1.535	0.07180891882013926
1.54	0.0718115179154398
1.545	0.0718140987196547
1.55	0.0718166614199441
1.555	0.07181920620078504
1.56	0.0718217332434451
1.565	0.07182424272786356
1.57	0.07182673483062353
1.575	0.0718292097264945
1.58	0.0718316675881772
1.585	0.07183410858600461
1.59	0.07183653288809728
1.595	0.07183894065998674
1.6	0.07184133206494325
1.605	0.07184370726566906
1.6099999999999999	0.07184606642167819
1.615	0.07184840969021031
1.6199999999999999	0.07185073722641604
1.625	0.07185304918470826
1.63	0.07185534571636139
1.635	0.07185762697048446
1.64	0.07185989309586045
1.645	0.07186214423839081
1.65	0.07186438054273964
1.655	0.0718666021494681
1.66	0.07186880920132402
1.665	0.07187100183591087
1.67	0.07187318019092803
1.675	0.07187534440170397
1.68	0.07187749460128832
1.685	0.0718796309235346
1.69	0.07188175349730529
1.695	0.07188386245282186
1.7	0.07188595791634764
1.705	0.07188804001482446
1.71	0.07189010887170133
1.715	0.07189216461065992
1.72	0.07189420735311715
1.725	0.07189623721708026
1.73	0.07189825432313628
1.735	0.0719002587871571
1.74	0.07190225072532667
1.7449999999999999	0.07190423025135649
1.75	0.07190619747883426
1.755	0.07190815251869571
1.76	0.0719100954827418
1.765	0.07191202647775612
1.77	0.07191394561289989
1.775	0.07191585299268036
1.78	0.07191774872578162
1.785	0.07191963291244363
1.79	0.07192150565794397
1.795	0.07192336706384628
1.8	0.07192521722904124
1.805	0.07192705625338477
1.81	0.07192888423483688
1.815	0.0719307012702922
1.82	0.0719325074566026
1.825	0.07193430288720701
1.83	0.07193608765668039
1.835	0.0719378618579826
1.84	0.0719396255816137
1.845	0.07194137891982533
1.85	0.07194312195918544
1.855	0.0719448547905168
1.86	0.07194657750138042
1.865	0.07194829017794821
1.8699999999999999	0.07194999290595726
1.875	0.07195168576953795
1.88	0.07195336885211383
1.885	0.07195504223824886
1.89	0.07195670600664218
1.895	0.07195836024072803
1.9	0.07196000502011929
1.905	0.07196164042528073
1.91	0.07196326653187565
1.915	0.07196488341940786
1.92	0.07196649116428434
1.925	0.07196808983895901
1.93	0.07196967952388425
1.935	0.07197126029062272
1.94	0.07197283221153211
1.945	0.07197439536048748
1.95	0.07197594981026806
1.955	0.07197749562905371
1.96	0.07197903289042529
1.965	0.07198056166102772
1.97	0.07198208201097331
1.975	0.07198359400878974
1.98	0.07198509772169157
1.985	0.07198659321539438
1.99	0.07198808055604675
1.9949999999999999	0.07198955981073886
2.	0.07199103104152453