0.2	0.09847361753992943
0.20500000000000002	0.09188974668563142
0.21000000000000002	0.08640003996890168
0.21500000000000002	0.0817075217613762
0.22	0.07761582961969714
0.225	0.07398938106023788
0.23	0.07073122809107457
0.23500000000000001	0.06777001376431865
0.24000000000000002	0.06505191909243452
0.245	0.06253549205777639
0.25	0.06018821506147287
0.255	0.05798416037087207
0.26	0.05590234840036043
0.265	0.05392557264965534
0.27	0.05203954199428332
0.275	0.05023224335759099
0.28	0.04849346024140936
0.28500000000000003	0.04681440322620214
0.29000000000000004	0.04518742196733313
0.295	0.04360577710526566
0.3	0.04206345649259634
0.305	0.04055502421340837
0.31	0.039075493650138744
0.315	0.03762021772877642
0.32	0.03618479068500607
0.325	0.034764956380113836
0.33	0.03335651841557144
0.33499999999999996	0.03195524703561157
0.33999999999999997	0.030556776968711646
0.345	0.029156488719793254
0.35	0.027749362959916066
0.355	0.02632979277623241
0.36	0.024891330138913394
0.365	0.02342632806029575
0.37	0.02192541246762759
0.375	0.02037666440025965
0.38	0.01876428209653312
0.385	0.017066241541691483
0.39	0.015249842206550762
0.39499999999999996	0.013262186173307761
0.39999999999999997	0.01100604807413498
0.405	0.008258386050240235
0.41000000000000003	0.004122739815158012
0.41500000000000004	0.
0.42000000000000004	0.
0.42500000000000004	0.
0.43000000000000005	0.
0.43500000000000005	0.
0.44000000000000006	0.
0.445	0.
0.45	0.
0.455	0.
0.46	0.
0.465	0.
0.47000000000000003	0.
0.47500000000000003	0.
0.48000000000000004	0.
0.485	0.
0.49	0.
0.495	0.
0.5	0.
0.505	0.
0.51	0.
0.515	0.
0.52	0.
0.525	0.
0.53	0.
0.535	0.
0.54	0.
0.545	0.
0.55	0.
0.5549999999999999	0.
0.5599999999999999	0.
0.565	0.
0.57	0.
0.575	0.
0.58	0.
0.585	0.
0.59	0.
0.595	0.
0.6	0.
0.605	0.
0.61	0.
0.615	0.
0.62	0.
0.625	0.
0.63	0.
0.635	0.
0.64	0.
0.645	0.
0.65	0.
0.655	0.
0.66	0.
0.665	0.
0.67	0.
0.675	0.
0.68	0.
0.685	0.
0.6900000000000001	0.
0.6950000000000001	0.
0.7000000000000001	0.
0.7050000000000001	0.
0.7100000000000001	0.
0.7150000000000001	0.
0.7200000000000001	0.
0.7250000000000001	0.
0.7300000000000001	0.
0.7350000000000001	0.
0.7400000000000001	0.
0.7450000000000001	0.
0.7500000000000001	0.
0.7550000000000001	0.
0.7600000000000001	0.
0.7650000000000001	0.
0.7700000000000001	0.
0.7750000000000001	0.
0.7800000000000001	0.
0.7850000000000001	0.
0.7900000000000001	0.
0.7950000000000002	0.
0.8000000000000002	0.
0.8049999999999999	0.
0.8099999999999999	0.
0.815	0.
0.82	0.
0.825	0.
0.83	0.
0.835	0.
0.84	0.
0.845	0.
0.85	0.
0.855	0.
0.86	0.
0.865	0.
0.87	0.
0.875	0.
0.88	0.
0.885	0.
0.89	0.
0.895	0.
0.9	0.
0.905	0.
0.91	0.
0.915	0.
0.92	0.
0.925	0.
0.93	0.
0.935	0.
0.9400000000000001	0.
0.9450000000000001	0.
0.9500000000000001	0.
0.9550000000000001	0.
0.9600000000000001	0.
0.9650000000000001	0.
0.9700000000000001	0.
0.9750000000000001	0.
0.9800000000000001	0.
0.9850000000000001	0.
0.9900000000000001	0.
0.9950000000000001	0.
1.	0.