0.2	0.0036964907705093154
0.20500000000000002	0.003426966563583561
0.21000000000000002	0.003223442534240539
0.21500000000000002	0.0030653615266134377
0.22	0.002939836975887936
0.225	0.0028383828838741253
0.23	0.0027551853618034863
0.23500000000000001	0.0026861296013915657
0.24000000000000002	0.002628223201314783
0.245	0.002579239436745885
0.25	0.0025374884349778754
0.255	0.0025016657563822265
0.26	0.0024707494534963706
0.265	0.0024439284117687087
0.27	0.0024205514123791716
0.275	0.0024000902451678315
0.28	0.0023821125477876885
0.28500000000000003	0.0023662615046287166
0.29000000000000004	0.0023522404660473784
0.295	0.002339801151168179
0.3	0.0023287344973257217
0.305	0.002318863489276974
0.31	0.002310037486796378
0.315	0.002302127698621692
0.32	0.0022950235422102977
0.325	0.0022886296943264643
0.33	0.002282863685030936
0.33499999999999996	0.002277653922523018
0.33999999999999997	0.002272938062139342
0.345	0.002268661652166859
0.35	0.0022647770037488623
0.355	0.002261242243304794
0.36	0.00225802051444454
0.365	0.0022550793029846613
0.37	0.002252389863841368
0.375	0.002249926732631932
0.38	0.0022476673080219435
0.385	0.002245591493404386
0.39	0.0022436813885344667
0.39499999999999996	0.0022419210233826604
0.39999999999999997	0.002240296127792734
0.405	0.0022387939316072087
0.41000000000000003	0.002237402990800458
0.41500000000000004	0.0022361130358791855
0.42000000000000004	0.0022349148394023998
0.42500000000000004	0.00223380009996252
0.43000000000000005	0.0022327613403755595
0.43500000000000005	0.0022317918181666368
0.44000000000000006	0.0022308854467198006
0.445	0.0022300367256983173
0.45	0.0022292406795410137
0.455	0.0022284928030086087
0.46	0.002227789012896429
0.465	0.0022271256051508356
0.47000000000000003	0.002226499216729563
0.47500000000000003	0.0022259067916339786
0.48000000000000004	0.0022253455506163777
0.485	0.0022248129641297978
0.49	0.0022243067281431847
0.495	0.0022238247424923494
0.5	0.0022233650914783554
0.505	0.0022229260264604697
0.51	0.0022225059502216566
0.515	0.0022221034029113853
0.52	0.0022217170493936964
0.525	0.002221345667848881
0.53	0.0022209881394946677
0.535	0.0022206434393084312
0.54	0.0022203106276453563
0.545	0.0022199888426594357
0.55	0.0022196772934446004
0.5549999999999999	0.0022193752538224296
0.5599999999999999	0.002219082056711002
0.565	0.00221879708901653
0.57	0.0022185197869957537
0.575	0.0022182496320426156
0.58	0.0022179861468576453
0.585	0.0022177288919628863
0.59	0.0022174774625290227
0.595	0.002217231485484867
0.6	0.0022169906168823437
0.605	0.0022167545394929326
0.61	0.0022165229606138648
0.615	0.0022162956100646235
0.62	0.0022160722383561173
0.625	0.002215852615016804
0.63	0.0022156365270613464
0.635	0.0022154237775890576
0.64	0.002215214184500336
0.645	0.0022150075793206507
0.65	0.0022148038061225125
0.655	0.002214602720536773
0.66	0.002214404188845454
0.665	0.0022142080871489847
0.67	0.0022140143006014186
0.675	0.0022138227227077828
0.68	0.002213633254678218
0.685	0.002213445804834113
0.6900000000000001	0.0022132602880618035
0.6950000000000001	0.0022130766253098317
0.7000000000000001	0.002212894743126162
0.7050000000000001	0.002212714573231962
0.7100000000000001	0.002212536052128964
0.7150000000000001	0.0022123591207376314
0.7200000000000001	0.0022121837240635972
0.7250000000000001	0.0022120098108900435
0.7300000000000001	0.002211837333493978
0.7350000000000001	0.0022116662473844135
0.7400000000000001	0.0022114965110607144
0.7450000000000001	0.0022113280857894886
0.7500000000000001	0.002211160935398559
0.7550000000000001	0.0022109950260866306
0.7600000000000001	0.0022108303262474574
0.7650000000000001	0.002210666806307305
0.7700000000000001	0.002210504438574723
0.7750000000000001	0.0022103431971016406
0.7800000000000001	0.0022101830575549054
0.7850000000000001	0.002210023997097454
0.7900000000000001	0.0022098659942783937
0.7950000000000002	0.002209709028931249
0.8000000000000002	0.002209553082079849
0.8049999999999999	0.002209398135851162
0.8099999999999999	0.00220924417339462
0.815	0.002209091178807431
0.82	0.0022089391370653795
0.825	0.0022087880339587765
0.83	0.0022086378560331067
0.835	0.002208488590534066
0.84	0.0022083402253566167
0.845	0.002208192748997801
0.85	0.002208046150513032
0.855	0.0022079004194755654
0.86	0.002207755545938954
0.865	0.002207611520402255
0.87	0.0022074683337777947
0.875	0.002207325977361266
0.88	0.00220718444280403
0.885	0.0022070437220874724
0.89	0.002206903807499197
0.895	0.0022067646916109867
0.9	0.0022066263672583628
0.905	0.0022064888275216796
0.91	0.0022063520657085623
0.915	0.0022062160753376684
0.92	0.0022060808501236343
0.925	0.0022059463839631268
0.93	0.0022058126709219262
0.935	0.002205679705222976
0.9400000000000001	0.0022055474812352916
0.9450000000000001	0.002205415993463743
0.9500000000000001	0.002205285236539519
0.9550000000000001	0.002205155205211389
0.9600000000000001	0.002205025894337561
0.9650000000000001	0.002204897298878174
0.9700000000000001	0.0022047694138883503
0.9750000000000001	0.002204642234511765
0.9800000000000001	0.0022045157559747327
0.9850000000000001	0.0022043899735806954
0.9900000000000001	0.0022042648827051967
0.9950000000000001	0.0022041404787911723
1.	0.0022040167573446614