0.2	-0.018057417011282377
0.20500000000000002	-0.016656884683781435
0.21000000000000002	-0.01565153105010729
0.21500000000000002	-0.014907014958411591
0.22	-0.014343358667017393
0.225	-0.013909973791549407
0.23	-0.013573298111343212
0.23500000000000001	-0.01331019038105437
0.24000000000000002	-0.013104179625790779
0.245	-0.012943226267791864
0.25	-0.012818328763774676
0.255	-0.01272262519269829
0.26	-0.012650796067961538
0.265	-0.012598656726277427
0.27	-0.012562872568450286
0.275	-0.012540755988409737
0.28	-0.012530118874645854
0.28500000000000003	-0.01252916369733864
0.29000000000000004	-0.012536401883326057
0.29500000000000004	-0.012550591812282725
0.30000000000000004	-0.012570691136098112
0.30500000000000005	-0.012595819699146093
0.31000000000000005	-0.01262523040430311
0.31500000000000006	-0.012658286104276367
0.32000000000000006	-0.012694441111297479
0.32500000000000007	-0.012733226282150269
0.33000000000000007	-0.01277423689674074
0.335	-0.012817122738210281
0.34	-0.01286157992201417
0.34500000000000003	-0.0129073441248799
0.35000000000000003	-0.01295418494212568
0.35500000000000004	-0.013001901160492354
0.36000000000000004	-0.013050316778400956
0.36500000000000005	-0.01309927763996572
0.37000000000000005	-0.013148648575773749
0.37500000000000006	-0.013198310964252677
0.38000000000000006	-0.013248160643816866
0.385	-0.013298106118915843
0.39	-0.013348067013409372
0.395	-0.013397972732932872
0.4	-0.013447761304553186
0.405	-0.01349737836737759
0.41000000000000003	-0.013546776292146866
0.41500000000000004	-0.013595913411406474
0.42000000000000004	-0.013644753344779374
0.425	-0.013693264406271782
0.43	-0.013741419082549803
0.435	-0.013789193572774942
0.44	-0.013836567381977265
0.445	-0.013883522961110107
0.45	-0.01393004538788857
0.455	-0.013976122083359976
0.46	-0.014021742559829267
0.465	-0.014066898196358863
0.47000000000000003	-0.014111582038576043
0.47500000000000003	-0.014155788619930412
0.48000000000000004	-0.01419951380192339
0.48500000000000004	-0.014242754631150054
0.49000000000000005	-0.014285509211248722
0.49500000000000005	-0.014327776588106888
0.5	-0.01436955664685843
0.505	-0.014410850019390877
0.51	-0.01445165800123267
0.515	-0.014491982476815596
0.52	-0.014531825852243942
0.525	-0.014571190994756155
0.53	-0.014610081178233427
0.535	-0.014648500034082114
0.54	-0.014686451506987483
0.545	-0.014723939815021321
0.55	-0.014760969413681838
0.555	-0.014797544963471623
0.56	-0.014833671300655594
0.565	-0.014869353410908533
0.57	-0.014904596405548025
0.575	-0.014939405500125569
0.58	-0.014973785995129598
0.585	-0.015007743258609098
0.59	-0.015041282710536168
0.595	-0.015074409808737602
0.6	-0.015107130036248738
0.605	-0.015139448889962319
0.61	-0.015171371870447705
0.615	-0.015202904472821464
0.62	-0.01523405217858633
0.625	-0.015264820448351047
0.6299999999999999	-0.01529521471532493
0.635	-0.015325240379544145
0.6399999999999999	-0.015354902802751706
0.6449999999999999	-0.015384207303857873
0.6499999999999999	-0.015413159154948172
0.655	-0.015441763577776187
0.66	-0.015470025740709879
0.665	-0.015497950756061174
0.67	-0.015525543677786259
0.675	-0.01555280949952713
0.68	-0.015579753152946407
0.685	-0.015606379506331845
0.6900000000000001	-0.015632693363441
0.6950000000000001	-0.015658699462597923
0.7000000000000001	-0.015684402475947972
0.7050000000000001	-0.01570980700891855
0.7100000000000001	-0.01573491759986753
0.7150000000000001	-0.015759738719826583
0.72	-0.015784274772431432
0.7250000000000001	-0.015808530093916435
0.73	-0.015832508953301894
0.735	-0.01585621555256849
0.74	-0.015879654027012444
0.7450000000000001	-0.015902828445635987
0.7500000000000001	-0.01592574281158179
0.7550000000000001	-0.015948401062744273
0.7600000000000001	-0.015970807072248412
0.7650000000000001	-0.015992964649121574
0.7700000000000001	-0.01601487753901343
0.7750000000000001	-0.016036549424786124
0.7800000000000001	-0.016057983927400855
0.7850000000000001	-0.016079184606558744
0.7900000000000001	-0.016100154961567848
0.7950000000000002	-0.016120898432134864
0.8000000000000002	-0.016141418399161885
0.8050000000000002	-0.0161617181856325
0.81	-0.01618180105744023
0.8150000000000002	-0.016201670224250113
0.8200000000000001	-0.016221328840337664
0.8250000000000001	-0.01624078000550241
0.8300000000000001	-0.016260026765955494
0.835	-0.016279072115091584
0.84	-0.01629791899445103
0.845	-0.016316570294574503
0.85	-0.016335028855833978
0.855	-0.016353297469289717
0.86	-0.01637137887760055
0.865	-0.01638927577581173
0.87	-0.01640699081222601
0.875	-0.016424526589201197
0.88	-0.016441885664001094
0.885	-0.01645907054963926
0.89	-0.016476083715603645
0.895	-0.01649292758869712
0.8999999999999999	-0.016509604553848378
0.905	-0.016526116954761493
0.9099999999999999	-0.016542467094868653
0.9149999999999999	-0.01655865723789999
0.9199999999999999	-0.01657468960879546
0.925	-0.016590566394223086
0.93	-0.01660628974347278
0.935	-0.016621861769069643
0.9400000000000001	-0.01663728454747782
0.9450000000000001	-0.016652560119845165
0.9500000000000001	-0.01666769049254499
0.9550000000000001	-0.016682677637982812
0.9600000000000001	-0.016697523495137836
0.9650000000000001	-0.016712229970162105
0.9700000000000001	-0.016726798937246004
0.9750000000000001	-0.01674123223881166
0.9800000000000001	-0.016755531686528626
0.9850000000000001	-0.01676969906161987
0.99	-0.01678373611570181
0.9950000000000001	-0.016797644570954867
1.	-0.01681142612114624
1.0050000000000001	-0.016825082431782563
1.01	-0.016838615140891834
1.0150000000000001	-0.01685202585940725
1.02	-0.016865316171902282
1.0250000000000001	-0.016878487636674284
1.03	-0.016891541786686903
1.0350000000000001	-0.016904480129774916
1.04	-0.016917304149227715
1.0450000000000002	-0.016930015304211562
1.05	-0.01694261503025511
1.0550000000000002	-0.016955104739795994
1.06	-0.016967485822291913
1.0650000000000002	-0.0169797596449301
1.07	-0.01699192755320141
1.0750000000000002	-0.0170039908709023
1.08	-0.017015950900659844
1.0850000000000002	-0.017027808924437483
1.09	-0.017039566204097176
1.0950000000000002	-0.0170512239812767
1.1	-0.017062783478115403
1.105	-0.017074245897754307
1.1099999999999999	-0.017085612424108887
1.115	-0.017096884223073247
1.1199999999999999	-0.017108062441853592
1.125	-0.017119148210279808
1.13	-0.01713014264056422
1.135	-0.017141046827519414
1.14	-0.017151861849364486
1.145	-0.01716258876757714
1.15	-0.01717322862784944
1.155	-0.017183782459170117
1.16	-0.017194251275390163
1.165	-0.017204636074817335
1.17	-0.01721493784083913
1.175	-0.017225157541776167
1.18	-0.017235296131419754
1.185	-0.017245354549731022
1.19	-0.017255333721825562
1.195	-0.017265234559518436
1.2	-0.017275057961244414
1.205	-0.017284804811560014
1.21	-0.01729447598255789
1.215	-0.017304072333124036
1.22	-0.01731359470979457
1.225	-0.017323043946318353
1.23	-0.01733242086492499
1.235	-0.017341726275064737
1.24	-0.017350960975246653
1.245	-0.01736012575201715
1.25	-0.017369221380322635
1.2550000000000001	-0.01737824862469608
1.26	-0.01738720823830651
1.2650000000000001	-0.017396100963308438
1.27	-0.01740492753204965
1.2750000000000001	-0.01741368866540433
1.28	-0.01742238507491274
1.285	-0.01743101746195435
1.2899999999999998	-0.017439586517500657
1.295	-0.01744809292376943
1.2999999999999998	-0.017456537352244225
1.305	-0.017464920466023166
1.3099999999999998	-0.01747324291888143
1.315	-0.01748150535447262
1.3199999999999998	-0.017489708409325663
1.325	-0.01749785271012247
1.3299999999999998	-0.017505938874110998
1.335	-0.017513967512244457
1.3399999999999999	-0.017521939225319326
1.345	-0.017529854606939302
1.3499999999999999	-0.017537714241409104
1.355	-0.017545518707102456
1.3599999999999999	-0.017553268572890444
1.365	-0.017560964400402144
1.3699999999999999	-0.017568606744105895
1.375	-0.01757619615120589
1.38	-0.017583733160780605
1.385	-0.01759121830552254
1.39	-0.017598652110696746
1.395	-0.01760603509476896
1.4	-0.017613367769086345
1.405	-0.017620650638328794
1.41	-0.01762788420094776
1.415	-0.017635068948866222
1.42	-0.017642205367134043
1.425	-0.01764929393515632
1.43	-0.01765633512519805
1.435	-0.01766332940419735
1.44	-0.017670277232638795
1.445	-0.017677179065014426
1.45	-0.017684035351064047
1.455	-0.01769084653384505
1.46	-0.01769761305057259
1.465	-0.017704335333886753
1.47	-0.017711013809067994
1.475	-0.017717648898543496
1.48	-0.017724241017067852
1.485	-0.017730790577068032
1.49	-0.01773729798235813
1.495	-0.017743763634318035
1.5	-0.01775018792742879
1.5050000000000001	-0.01775657125386052
1.51	-0.017762913997289204
1.5150000000000001	-0.01776921654085536
1.52	-0.01777547925926001
1.5250000000000001	-0.017781702525531958
1.53	-0.017787886704726648
1.5350000000000001	-0.0177940321615933
1.54	-0.017800139253832736
1.5450000000000002	-0.017806208334670275
1.55	-0.017812239754184875
1.555	-0.01781823385806283
1.5599999999999998	-0.017824190986775436
1.565	-0.017830111477752594
1.5699999999999998	-0.017835995665027565
1.575	-0.017841843876174185
1.5799999999999998	-0.01784765643762522
1.585	-0.017853433670291033
1.5899999999999999	-0.0178591758913728
1.595	-0.0178648834152667
1.5999999999999999	-0.017870556552268935
1.605	-0.01787619560862224
1.6099999999999999	-0.01788180088650495
1.615	-0.017887372685436033
1.6199999999999999	-0.01789291130367766
1.625	-0.017898417029623657
1.63	-0.01790389015500953
1.635	-0.01790933096585762
1.64	-0.017914739743850126
1.645	-0.01792011676725463
1.65	-0.01792546231189071
1.655	-0.017930776654419823
1.66	-0.0179360600588773
1.665	-0.017941312795782302
1.67	-0.01794653512678069
1.675	-0.017951727314960003
1.68	-0.017956889617375682
1.685	-0.01796202228548037
1.69	-0.01796712557656993
1.695	-0.017972199734787697
1.7	-0.01797724500924265
1.705	-0.017982261644503908
1.71	-0.01798724987769689
1.715	-0.0179922099510762
1.72	-0.017997142096563244
1.725	-0.01800204655033529
1.73	-0.018006923544098108
1.735	-0.01801177330115784
1.74	-0.018016596049166878
1.745	-0.018021392011362533
1.75	-0.018026161409499558
1.7550000000000001	-0.01803090445893511
1.76	-0.018035621376543978
1.7650000000000001	-0.018040312378844733
1.77	-0.01804497767090539
1.7750000000000001	-0.018049617467502405
1.78	-0.018054231974016875
1.7850000000000001	-0.018058821392443518
1.79	-0.018063385925490984
1.7950000000000002	-0.018067925776658764
1.8	-0.018072441142016882
1.8050000000000002	-0.018076932217416145
1.81	-0.018081399193321825
1.8150000000000002	-0.018085842267265877
1.82	-0.01809026162522645
1.825	-0.018094657457187587
1.8299999999999998	-0.018099029945703393
1.835	-0.01810337928370569
1.8399999999999999	-0.018107705639900818
1.845	-0.018112009203955136
1.8499999999999999	-0.018116290154972174
1.855	-0.018120548660356076
1.8599999999999999	-0.01812478490448891
1.865	-0.018128999054740594
1.8699999999999999	-0.018133191284899604
1.875	-0.018137361761301943
1.88	-0.018141510653554863
1.885	-0.018145638129222402
1.89	-0.018149744346184934
1.895	-0.018153829472216616
1.9	-0.018157893669802916
1.905	-0.018161937089523062
1.91	-0.018165959905171822
1.915	-0.018169962256667678
1.92	-0.018173944304996647
1.925	-0.018177906203652908
1.93	-0.018181848103048015
1.935	-0.01818577015493292
1.94	-0.018189672503498434
1.945	-0.018193555301047843
1.95	-0.018197418692347502
1.955	-0.018201262816783047
1.96	-0.01820508782198919
1.965	-0.018208893845726524
1.97	-0.018212681031782342
1.975	-0.01821644951864436
1.98	-0.018220199434835476
1.985	-0.018223930933344762
1.99	-0.018227644134296627
1.995	-0.01823133917079948
2.	-0.018235016184528507