0.2	1.0357368050516138
0.20500000000000002	1.0321897098114023
0.21000000000000002	1.0294575922109859
0.21500000000000002	1.0272891534158777
0.22	1.0255267372566916
0.225	1.0240664339294085
0.23	1.022836978886792
0.23500000000000001	1.0217878688461592
0.24000000000000002	1.020882316587849
0.24500000000000002	1.0200928920789207
0.25	1.0193987263469368
0.255	1.018783661322621
0.26	1.0182349922240888
0.265	1.0177425923160706
0.27	1.017298290959824
0.275	1.0168954233791414
0.28	1.016528499271135
0.28500000000000003	1.0161929552104052
0.29000000000000004	1.0158849671315302
0.29500000000000004	1.0156013065467973
0.30000000000000004	1.015339229046498
0.305	1.0150963869326215
0.31	1.0148707601056546
0.315	1.014660600906337
0.32	1.0144643897330883
0.325	1.0142807990573712
0.33	1.0141086640404358
0.33499999999999996	1.0139469583810001
0.34	1.0137947743391345
0.34500000000000003	1.0136513061177972
0.35000000000000003	1.013515835961793
0.35500000000000004	1.013387722469697
0.36000000000000004	1.0132663907185202
0.36500000000000005	1.0131513238815064
0.37	1.013042056082252
0.375	1.0129381662775923
0.38	1.0128392730005702
0.385	1.012745029825698
0.39	1.01265512144335
0.395	1.0125692602499674
0.4	1.0124871833767182
0.405	1.0124086500922385
0.41000000000000003	1.0123334395256638
0.41500000000000004	1.0122613486648098
0.42000000000000004	1.0121921905914937
0.42500000000000004	1.0121257929218646
0.43000000000000005	1.0120619964244995
0.43500000000000005	1.01200065379307
0.44000000000000006	1.011941628553791
0.445	1.0118847940906956
0.45	1.0118300327741814
0.455	1.0117772351802878
0.46	1.0117262993898797
0.465	1.0116771303583536
0.47000000000000003	1.0116296393477338
0.475	1.0115837434140709
0.48000000000000004	1.0115393649439621
0.48500000000000004	1.0114964312347938
0.49000000000000005	1.011454874113968
0.49500000000000005	1.0114146295929596
0.5	1.0113756375525407
0.505	1.0113378414559513
0.51	1.0113011880871627
0.515	1.0112656273117118
0.52	1.0112311118578714
0.525	1.011197597116165
0.53	1.0111650409554642
0.535	1.011133403554084
0.54	1.0111026472444757
0.545	1.0110727363702579
0.55	1.0110436371544524
0.555	1.011015317577923
0.56	1.010987747267102
0.5650000000000001	1.010960897390191
0.5700000000000001	1.0109347405610978
0.5750000000000001	1.0109092507504507
0.5800000000000001	1.01088440320308
0.585	1.01086017436144
0.59	1.0108365417944627
0.595	1.010813484131418
0.6	1.0107909810003552
0.605	1.0107690129707776
0.61	1.0107475615002022
0.615	1.010726608884312
0.62	1.0107061382104126
0.625	1.0106861333139467
0.63	1.0106665787378373
0.635	1.0106474596944388
0.64	1.0106287620299144
0.645	1.0106104721908482
0.65	1.01059257719295
0.655	1.0105750645916762
0.66	1.010557922454656
0.665	1.010541139335778
0.67	1.010524704250831
0.675	1.0105086066545892
0.68	1.0104928364192394
0.685	1.0104773838140677
0.69	1.0104622394863125
0.695	1.0104473944431114
0.7	1.0104328400344693
0.705	1.0104185679371809
0.71	1.0104045701396436
0.715	1.010390838927507
0.72	1.0103773668701077
0.7250000000000001	1.0103641468076339
0.7300000000000001	1.010351171838975
0.7350000000000001	1.010338435310225
0.7400000000000001	1.0103259308037829
0.7450000000000001	1.0103136521280245
0.7500000000000001	1.0103015933075128
0.7550000000000001	1.0102897485737043
0.76	1.0102781123561313
0.765	1.0102666792740334
0.77	1.0102554441283984
0.775	1.0102444018944112
0.78	1.0102335477142628
0.785	1.0102228768903145
0.79	1.010212384878599
0.7949999999999999	1.0102020672826284
0.7999999999999999	1.0101919198474973
0.8049999999999999	1.010181938454269
0.8099999999999999	1.010172119114624
0.815	1.0101624579657555
0.82	1.0101529512655039
0.825	1.0101435953877211
0.83	1.010134386817825
0.835	1.0101253221485873
0.84	1.0101163980760783
0.845	1.0101076113958178
0.85	1.0100989589990783
0.855	1.0100904378693651
0.86	1.0100820450790413
0.865	1.010073777786095
0.87	1.0100656332310636
0.875	1.0100576087340698
0.88	1.010049701691996
0.885	1.0100419095757682
0.89	1.0100342299277656
0.895	1.010026660359326
0.9	1.0100191985483638
0.905	1.0100118422370792
0.91	1.0100045892297584
0.915	1.0099974373906837
0.92	1.0099903846420908
0.925	1.0099834289622422
0.93	1.0099765683835589
0.935	1.009969800990836
0.9400000000000001	1.009963124919512
0.9450000000000001	1.0099565383540225
0.9500000000000001	1.0099500395262198
0.9550000000000001	1.009943626713828
0.9600000000000001	1.0099372982389847
0.9650000000000001	1.0099310524668268
0.9700000000000001	1.009924887804127
0.9750000000000001	1.0099188026979928
0.9800000000000001	1.009912795634591
0.9850000000000001	1.0099068651379566
0.9900000000000001	1.0099010097687902
0.9950000000000001	1.0098952281233822
1.	1.0098895188324735