0.2	1.511361760009239
0.20500000000000002	1.4969308505575938
0.21000000000000002	1.482879773956656
0.21500000000000002	1.469214600248193
0.22	1.4559384789622136
0.225	1.443052013799779
0.23	1.4305536144189401
0.23500000000000001	1.4184398218900518
0.24000000000000002	1.4067056059999128
0.24500000000000002	1.3953446338377087
0.25	1.384349510037493
0.255	1.3737119897310521
0.26	1.3634231657291969
0.265	1.3534736317419132
0.27	1.343853623606522
0.275	1.3345531405503794
0.28	1.3255620484976096
0.28500000000000003	1.3168701673596337
0.29000000000000004	1.3084673441442298
0.29500000000000004	1.3003435135908705
0.30000000000000004	1.2924887479014755
0.305	1.284893296992897
0.31	1.2775476205560394
0.315	1.2704424130701688
0.32	1.263568622792175
0.325	1.256917465620895
0.33	1.250480434626741
0.33499999999999996	1.2442493059371005
0.34	1.238216141578131
0.34500000000000003	1.2323732897932538
0.35000000000000003	1.226713383287281
0.35500000000000004	1.2212293357820774
0.36000000000000004	1.2159143372141963
0.36500000000000005	1.2107618478563869
0.37	1.20576559160252
0.375	1.2009195486186501
0.38	1.1962179475310444
0.385	1.1916552572944372
0.39	1.1872261788600325
0.395	1.1829256367423806
0.4	1.1787487705667818
0.405	1.1746909266639396
0.41000000000000003	1.170747649765875
0.41500000000000004	1.1669146748462924
0.42000000000000004	1.1631879191394527
0.42500000000000004	1.1595634743638703
0.43000000000000005	1.1560375991706453
0.43500000000000005	1.1526067118308096
0.44000000000000006	1.149267383171512
0.445	1.146016329767087
0.45	1.1428504073879453
0.455	1.139766604707674
0.46	1.136762037266639
0.465	1.1338339416887282
0.47000000000000003	1.130979670146533
0.475	1.1281966850692273
0.48000000000000004	1.1254825540866118
0.48500000000000004	1.1228349452021462
0.49000000000000005	1.1202516221874632
0.49500000000000005	1.1177304401904522
0.5	1.1152693415489467
0.505	1.112866351801879
0.51	1.1105195758898392
0.515	1.108227194537021
0.52	1.1059874608066393
0.525	1.1037986968221156
0.53	1.101659290646445
0.535	1.099567693312444
0.54	1.097522415996776
0.545	1.0955220273309152
0.55	1.0935651508423996
0.555	1.091650462520114
0.56	1.0897766884974869
0.5650000000000001	1.0879426028476809
0.5700000000000001	1.0861470254854344
0.5750000000000001	1.0843888201700012
0.5800000000000001	1.0826668926042304
0.585	1.0809801886250088
0.59	1.0793276924802746
0.595	1.0777084251884665
0.6	1.0761214429760542
0.605	1.0745658357892385
0.61	1.0730407258761547
0.615	1.0715452664359406
0.62	1.0700786403311928
0.625	1.0686400588608291
0.63	1.0672287605900734
0.635	1.0658440102348756
0.64	1.0644850975978422
0.645	1.0631513365531833
0.65	1.061842064078398
0.655	1.060556639329813
0.66	1.059294442760549
0.665	1.0580548752780956
0.67	1.0568373574399483
0.675	1.05564132868535
0.68	1.0544662466012051
0.685	1.0533115862206726
0.69	1.052176839352738
0.695	1.0510615139412256
0.7	1.0499651334519786
0.705	1.0488872362865291
0.71	1.0478273752214031
0.715	1.046785116871354
0.72	1.045760041175884
0.7250000000000001	1.044751740907511
0.7300000000000001	1.0437598212008325
0.7350000000000001	1.0427838991017822
0.7400000000000001	1.0418236031355774
0.7450000000000001	1.0408785728927408
0.7500000000000001	1.0399484586325312
0.7550000000000001	1.0390329209025975
0.76	1.0381316301743275
0.765	1.037244266493287
0.77	1.0363705191436652
0.775	1.035510086326539
0.78	1.0346626748510042
0.785	1.0338279998375068
0.79	1.0330057844335165
0.7949999999999999	1.0321957595400684
0.7999999999999999	1.031397663549132
0.8049999999999999	1.0306112420914904
0.8099999999999999	1.029836247794459
0.815	1.0290724400487266
0.82	1.028319584784535
0.825	1.0275774542566405
0.83	1.02684582683658
0.835	1.0261244868143777
0.84	1.0254132242061043
0.845	1.0247118345699893
0.85	1.0240201188287326
0.855	1.023337883098698
0.86	1.0226649385253996
0.865	1.0220011011247985
0.87	1.0213461916312443
0.875	1.0207000353498095
0.88	1.0200624620150895
0.885	1.0194333056542586
0.89	1.0188124044556142
0.895	1.0181996006417258
0.9	1.017594740346736
0.905	1.0169976734987205
0.91	1.016408253705044
0.915	1.0158263381436201
0.92	1.0152517874556317
0.925	1.0146844656439795
0.93	1.0141242399739125
0.935	1.013570980878338
0.9400000000000001	1.013024561864547
0.9450000000000001	1.012484859426125
0.9500000000000001	1.0119517529569106
0.9550000000000001	1.011425124667149
0.9600000000000001	1.010904859503957
0.9650000000000001	1.01039084507322
0.9700000000000001	1.0098829715647701
0.9750000000000001	1.0093811316801145
0.9800000000000001	1.008885220561503
0.9850000000000001	1.0083951357248535
0.9900000000000001	1.0079107769930817
0.9950000000000001	1.0074320464343605
1.	1.0069588482985026