0.2	1.52928211119959
0.20500000000000002	1.5161406840240776
0.21000000000000002	1.5033686608686572
0.21500000000000002	1.4909674391799521
0.22	1.478936146862783
0.225	1.4672719825531686
0.23	1.455970525354611
0.23500000000000001	1.4450260136152047
0.24000000000000002	1.4344315933370606
0.24500000000000002	1.4241795375237194
0.25	1.4142614382440721
0.255	1.404668373475149
0.26	1.3953910509255283
0.265	1.3864199310735272
0.27	1.3777453316099133
0.275	1.3693575153779394
0.28	1.3612467637726393
0.28500000000000003	1.3534034374109618
0.29000000000000004	1.3458180257249757
0.29500000000000004	1.3384811869697917
0.30000000000000004	1.331383779981331
0.305	1.3245168888702112
0.31	1.3178718416990665
0.315	1.3114402240626724
0.32	1.305213888373929
0.325	1.299184959553914
0.33	1.2933458377304774
0.33499999999999996	1.2876891984666792
0.34	1.2822079909668642
0.34500000000000003	1.2768954346436956
0.35000000000000003	1.2717450143729896
0.35500000000000004	1.2667504747140919
0.36000000000000004	1.261905813330832
0.36500000000000005	1.2572052738112032
0.37	1.2526433380520927
0.375	1.248214718347951
0.38	1.2439143492988645
0.385	1.2397373796333482
0.39	1.2356791640240428
0.395	1.231735254959918
0.4	1.2279013947261705
0.405	1.2241735075325448
0.41000000000000003	1.2205476918219298
0.41500000000000004	1.2170202127836858
0.42000000000000004	1.213587495089865
0.42500000000000004	1.210246115867327
0.43000000000000005	1.2069927979144022
0.43500000000000005	1.203824403167184
0.44000000000000006	1.2007379264176024
0.445	1.1977304892830059
0.45	1.1947993344250767
0.455	1.1919418200143164
0.46	1.1891554144351435
0.465	1.1864376912256585
0.47000000000000003	1.1837863242454638
0.475	1.1811990830643162
0.48000000000000004	1.1786738285641156
0.48500000000000004	1.1762085087464047
0.49000000000000005	1.1738011547374905
0.49500000000000005	1.1714498769832322
0.5	1.1691528616255673
0.505	1.1669083670529385
0.51	1.1647147206169635
0.515	1.1625703155077713
0.52	1.1604736077807372
0.525	1.1584231135275
0.53	1.156417406184368
0.535	1.1544551139715586
0.54	1.1525349174568629
0.545	1.1506555472376552
0.55	1.1488157817353624
0.555	1.1470144450968593
0.56	1.1452504051973853
0.5650000000000001	1.1435225717398703
0.5700000000000001	1.141829894445925
0.5750000000000001	1.1401713613336844
0.5800000000000001	1.1385459970782668
0.585	1.136952861450574
0.59	1.1353910478304154
0.595	1.1338596817903437
0.6	1.1323579197463782
0.605	1.1308849476724276
0.61	1.1294399798750108
0.615	1.1280222578254044
0.62	1.126631049046092
0.625	1.125265646048917
0.63	1.1239253653223187
0.635	1.1226095463651413
0.64	1.1213175507646334
0.645	1.1200487613165404
0.65	1.1188025811851752
0.655	1.1175784331011618
0.66	1.116375758595721
0.665	1.1151940172686043
0.67	1.1140326860891843
0.675	1.1128912587281239
0.68	1.1117692449186711
0.685	1.1106661698459692
0.69	1.1095815735629797
0.695	1.1085150104317019
0.7	1.1074660485887942
0.705	1.106434269433776
0.71	1.1054192671395402
0.715	1.104420648183253
0.72	1.1034380308974556
0.7250000000000001	1.102471045040055
0.7300000000000001	1.1015193313819045
0.7350000000000001	1.100582541312235
0.7400000000000001	1.0996603364598627
0.7450000000000001	1.0987523883302808
0.7500000000000001	1.0978583779576883
0.7550000000000001	1.0969779955711187
0.76	1.0961109402739293
0.765	1.0952569197367978
0.77	1.0944156499023323
0.775	1.0935868547021503
0.78	1.0927702657846743
0.785	1.0919656222541196
0.79	1.0911726704192077
0.7949999999999999	1.090391163552508
0.7999999999999999	1.0896208616582952
0.8049999999999999	1.0888615312499608
0.8099999999999999	1.0881129451359268
0.815	1.087374882213263
0.82	1.086647127270099
0.825	1.0859294707946705
0.83	1.0852217087918197
0.835	1.0845236426067504
0.84	1.0838350787549282
0.845	1.0831558287583682
0.85	1.0824857089880477
0.855	1.0818245405122724
0.86	1.0811721489503887
0.865	1.0805283643314574
0.87	1.0798930209590418
0.875	1.0792659572798797
0.88	1.0786470157578354
0.885	1.0780360427519393
0.89	1.0774328883990947
0.895	1.0768374065007766
0.9	1.076249454413783
0.905	1.0756688929447444
0.91	1.075095586248036
0.915	1.0745294017277776
0.92	1.0739702099432606
0.925	1.0734178845160296
0.93	1.0728723020427509
0.935	1.0723333420092178
0.9400000000000001	1.071800886707093
0.9450000000000001	1.071274821154491
0.9500000000000001	1.070755033019328
0.9550000000000001	1.0702414125437223
0.9600000000000001	1.0697338524721596
0.9650000000000001	1.0692322479821381
0.9700000000000001	1.0687364966159927
0.9750000000000001	1.068246498215695
0.9800000000000001	1.0677621548603384
0.9850000000000001	1.0672833708043579
0.9900000000000001	1.06681005241783
0.9950000000000001	1.0663421081309574
1.	1.0658794483767937