0.2	0.3990309901819138
0.20500000000000002	0.2842502995554797
0.21000000000000002	0.23878759279343384
0.21500000000000002	0.21361710183715632
0.22	0.19752711287324098
0.225	0.18637962099026933
0.23	0.17825138801323542
0.23500000000000001	0.1721141065285699
0.24000000000000002	0.1673630663228713
0.245	0.16361718962689778
0.25	0.16062334864126115
0.255	0.158206296691671
0.26	0.15624058431726345
0.265	0.15463390621983203
0.27	0.15331676566023317
0.275	0.1522358104170691
0.28	0.15134939462302868
0.28500000000000003	0.15062453949634705
0.29000000000000004	0.1500348009830819
0.29500000000000004	0.14955874151513326
0.30000000000000004	0.14917881391054125
0.305	0.14888053247237515
0.31	0.1486518480502354
0.315	0.14848267044356248
0.32	0.1483644988990855
0.325	0.1482901330292738
0.33	0.14825344433430726
0.335	0.14824919393263464
0.34	0.14827288590663376
0.345	0.14832064837308315
0.35	0.14838913633579925
0.355	0.1484754517982393
0.36	0.14857707766159803
0.365	0.14869182271490802
0.37	0.1488177756115452
0.375	0.14895326617318586
0.38	0.1490968327045206
0.385	0.14924719426645097
0.39	0.14940322706133347
0.395	0.14956394424524289
0.4	0.14972847860964345
0.405	0.1498960676761059
0.41000000000000003	0.15006604082864627
0.41500000000000004	0.15023780817333693
0.42000000000000004	0.15041085086746434
0.42500000000000004	0.15058471270326312
0.43000000000000005	0.15075899276618718
0.43500000000000005	0.1509333390163355
0.44	0.15110744266528012
0.445	0.15128103324009687
0.45	0.1514538742426619
0.455	0.15162575932583713
0.46	0.15179650891953692
0.465	0.15196596724920872
0.47000000000000003	0.15213399969732697
0.47500000000000003	0.15230049046530053
0.48000000000000004	0.15246534049899155
0.48500000000000004	0.15262846564595275
0.49	0.1527897950167027
0.495	0.15294926952595309
0.5	0.15310684059278398
0.505	0.15326246898142284
0.51	0.15341612376657196
0.515	0.15356778140920566
0.52	0.15371742493047155
0.525	0.15386504317282465
0.53	0.15401063013880303
0.535	0.15415418439899414
0.54	0.15429570856172017
0.545	0.15443520879782452
0.55	0.15457269441470306
0.5549999999999999	0.15470817747438576
0.56	0.15484167245104655
0.565	0.1549731959238374
0.5700000000000001	0.1551027663013939
0.575	0.15523040357475026
0.5800000000000001	0.1553561290957622
0.585	0.15547996537844103
0.5900000000000001	0.15560193592087518
0.595	0.1557220650456771
0.6000000000000001	0.15584037775707565
0.605	0.155956899613012
0.6100000000000001	0.15607165661073252
0.615	0.15618467508453743
0.62	0.15629598161449268
0.625	0.1564056029450049
0.63	0.15651356591230844
0.635	0.15661989737997062
0.64	0.15672462418163244
0.645	0.1568277730702779
0.65	0.15692937067339094
0.655	0.15702944345341166
0.66	0.15712801767298382
0.665	0.15722511936452355
0.67	0.15732077430366348
0.675	0.15741500798621966
0.6799999999999999	0.1575078456083027
0.685	0.1575993120492888
0.69	0.15768943185733802
0.6950000000000001	0.1577782292372322
0.7	0.15786572804026827
0.7050000000000001	0.15795195175602983
0.71	0.15803692350581883
0.7150000000000001	0.15812066603759045
0.72	0.15820320172223293
0.7250000000000001	0.15828455255104948
0.73	0.15836474013430338
0.7350000000000001	0.15844378570073975
0.74	0.158521710097943
0.7450000000000001	0.15859853379346028
0.75	0.1586742768765948
0.7550000000000001	0.15874895906079303
0.76	0.158822599686556
0.7650000000000001	0.15889521772480864
0.77	0.1589668317806704
0.7750000000000001	0.15903746009757277
0.78	0.1591071205616902
0.7849999999999999	0.15917583070662084
0.79	0.1592436077182735
0.7949999999999999	0.159310468439986
0.8	0.15937642937774332
0.8049999999999999	0.15944150670556578
0.81	0.15950571627098253
0.815	0.15956907360056152
0.8200000000000001	0.15963159390554904
0.825	0.15969329208750085
0.8300000000000001	0.15975418274395373
0.835	0.15981428017411775
0.8400000000000001	0.15987359838453605
0.845	0.15993215109476386
0.8500000000000001	0.15998995174298494
0.855	0.1600470134916191
0.8600000000000001	0.16010334923287284
0.865	0.1601589715942324
0.8700000000000001	0.1602138929439164
0.875	0.1602681253962646
0.8800000000000001	0.16032168081703954
0.885	0.16037457082866416
0.8900000000000001	0.16042680681540267
0.895	0.1604783999284483
0.9000000000000001	0.1605293610909181
0.905	0.1605797010027949
0.9099999999999999	0.1606294301457448
0.915	0.16067855878791112
0.9199999999999999	0.1607270969885473
0.925	0.16077505460261318
0.9299999999999999	0.16082244128528658
0.935	0.16086926649633781
0.94	0.1609155395044874
0.9450000000000001	0.16096126939160316
0.95	0.16100646505687335
0.9550000000000001	0.16105113522087736
0.96	0.1610952884295025
0.9650000000000001	0.16113893305789573
0.97	0.16118207731425943
0.9750000000000001	0.16122472924354278
0.98	0.16126689673110683
0.9850000000000001	0.1613085875063076
0.99	0.16134980914591798
0.9950000000000001	0.1613905690775887
1.	0.16143087458315616