0.2	0.28272690792442284
0.20500000000000002	0.18765996074939428
0.21000000000000002	0.15406906493926137
0.21500000000000002	0.13605085850149679
0.22	0.12465402869568536
0.225	0.11676675649002027
0.23	0.11098951566918396
0.23500000000000001	0.10658958931014402
0.24000000000000002	0.10314236740057138
0.245	0.10038314596720327
0.25	0.09813754711307515
0.255	0.09628562704953335
0.26	0.0947419687487627
0.265	0.09344398372066583
0.27	0.09234470562281398
0.275	0.09140817297587575
0.28	0.09060637066468644
0.28500000000000003	0.08991714529912789
0.29000000000000004	0.08932274870186012
0.29500000000000004	0.08880879792828393
0.30000000000000004	0.08836351832191933
0.305	0.08797718309471708
0.31	0.08764169202114093
0.315	0.08735025032696919
0.32	0.08709712087966112
0.325	0.08687743077234374
0.33	0.08668701879661282
0.335	0.08652231401866904
0.34	0.08638023827410506
0.345	0.08625812724172682
0.35	0.08615366608325399
0.355	0.08606483660116841
0.36	0.08598987357769088
0.365	0.08592722848665726
0.37	0.08587553916740585
0.375	0.0858336043511393
0.38	0.08580036216075985
0.385	0.08577487188298201
0.39	0.08575629844971822
0.395	0.08574389917390983
0.4	0.08573701237023895
0.405	0.08573504755879684
0.41000000000000003	0.08573747700376182
0.41500000000000004	0.08574382838247557
0.42000000000000004	0.08575367841528231
0.42500000000000004	0.08576664731487298
0.43000000000000005	0.08578239393701804
0.43500000000000005	0.08580061153352281
0.44	0.08582102402384988
0.445	0.08584338271473156
0.45	0.08586746340780782
0.455	0.08589306384422518
0.46	0.08592000144259547
0.465	0.08594811129295668
0.47000000000000003	0.08597724437465523
0.47500000000000003	0.08600726597050758
0.48000000000000004	0.08603805425337634
0.48500000000000004	0.08606949902449557
0.49	0.08610150058561364
0.495	0.08613396872935752
0.5	0.08616682183422278
0.505	0.08619998605230891
0.51	0.08623339457940929
0.515	0.08626698699833484
0.52	0.08630070868746001
0.525	0.08633451028744736
0.53	0.0863683472199177
0.535	0.08640217925259275
0.54	0.08643597010603901
0.545	0.08646968709771445
0.55	0.08650330081949478
0.5549999999999999	0.0865367848452931
0.56	0.08657011546574248
0.565	0.08660327144726047
0.5700000000000001	0.08663623381308844
0.575	0.08666898564415884
0.5800000000000001	0.08670151189788533
0.585	0.08673379924313773
0.5900000000000001	0.08676583590988175
0.595	0.08679761155208916
0.6000000000000001	0.08682911712267655
0.605	0.08686034475936338
0.6100000000000001	0.08689128768044557
0.615	0.08692194008955899
0.62	0.08695229708864605
0.625	0.08698235459835561
0.63	0.08701210928524329
0.635	0.08704155849513626
0.64	0.08707070019214067
0.645	0.08709953290277903
0.65	0.0871280556648428
0.655	0.08715626798049234
0.66	0.08718416977331135
0.665	0.08721176134891281
0.67	0.08723904335883592
0.675	0.08726601676743244
0.6799999999999999	0.08729268282149717
0.685	0.08731904302242681
0.69	0.08734509910065838
0.6950000000000001	0.08737085299224685
0.7	0.08739630681735745
0.7050000000000001	0.08742146286056145
0.71	0.08744632355273431
0.7150000000000001	0.08747089145447572
0.72	0.08749516924090242
0.7250000000000001	0.08751915968770457
0.73	0.08754286565834575
0.7350000000000001	0.08756629009238179
0.74	0.08758943599470236
0.7450000000000001	0.08761230642571777
0.75	0.08763490449237073
0.7550000000000001	0.08765723333989706
0.76	0.08767929614430826
0.7650000000000001	0.0877010961055226
0.77	0.08772263644108609
0.7750000000000001	0.08774392038043621
0.78	0.08776495115970576
0.7849999999999999	0.08778573201694863
0.79	0.08780626618781244
0.7949999999999999	0.08782655690163729
0.8	0.0878466073778714
0.8049999999999999	0.08786642082284879
0.81	0.08788600042687848
0.815	0.08790534936159836
0.8200000000000001	0.08792447077761442
0.825	0.08794336780238939
0.8300000000000001	0.0879620435382921
0.835	0.08798050106093848
0.8400000000000001	0.08799874341765601
0.845	0.0880167736261604
0.8500000000000001	0.08803459467335104
0.855	0.08805220951431668
0.8600000000000001	0.0880696210714082
0.865	0.08808683223344926
0.8700000000000001	0.08810384585510926
0.875	0.08812066475635225
0.8800000000000001	0.08813729172195117
0.885	0.0881537295011143
0.8900000000000001	0.0881699808072099
0.895	0.08818604831755918
0.9000000000000001	0.08820193467323974
0.905	0.08821764247906323
0.9099999999999999	0.08823317430346968
0.915	0.08824853267859101
0.9199999999999999	0.08826372010035174
0.925	0.08827873902844668
0.9299999999999999	0.08829359188667035
0.935	0.08830828106291239
0.94	0.08832280890954436
0.9450000000000001	0.0883371777435014
0.95	0.08835138984666298
0.9550000000000001	0.08836544746611541
0.96	0.08837935281440634
0.9650000000000001	0.08839310806993864
0.97	0.08840671537731569
0.9750000000000001	0.0884201768476537
0.98	0.08843349455897327
0.9850000000000001	0.08844667055663849
0.99	0.08845970685360266
0.9950000000000001	0.08847260543103234
1.	0.08848536823847498