0.2	0.0018905627477292968
0.20500000000000002	0.001846533813746948
0.21000000000000002	0.001824172018883554
0.21500000000000002	0.0018168037445851026
0.22	0.0018201983247549528
0.225	0.0018315354444794762
0.23	0.0018488566780490302
0.23500000000000001	0.001870755472296915
0.24000000000000002	0.0018961927380141963
0.245	0.0019243823682978131
0.25	0.001954717530194186
0.255	0.0019867216864084217
0.26	0.002020015135701219
0.265	0.0020542915856839906
0.27	0.0020893013840896073
0.275	0.002124839274251633
0.28	0.002160735290382342
0.28500000000000003	0.0021968478741986133
0.29000000000000004	0.0022330585910509456
0.29500000000000004	0.002269268016664007
0.30000000000000004	0.0023053924936147357
0.305	0.002341361543148204
0.31	0.002377115777316403
0.315	0.0024126051978245987
0.32	0.0024477877972494187
0.325	0.002482628399263981
0.33	0.002517097689721415
0.335	0.002551171401608787
0.34	0.0025848296251654787
0.345	0.002618056220668078
0.35	0.002650838316083217
0.355	0.0026831658753830095
0.36	0.0027150313260871518
0.365	0.002746429236755279
0.37	0.0027773560368414664
0.375	0.0028078097726648775
0.38	0.002837789894317188
0.385	0.002867297069184037
0.39	0.0028963330184540535
0.395	0.0029249003735530585
0.4	0.00295300254990544
0.405	0.0029806436358089682
0.41000000000000003	0.0030078282945253643
0.41500000000000004	0.0030345616779568377
0.42000000000000004	0.003060849350500489
0.42500000000000004	0.003086697221861104
0.43000000000000005	0.0031121114877644385
0.43500000000000005	0.003137098577644491
0.44	0.0031616651085013305
0.445	0.0031858178442212256
0.45	0.0032095636597360457
0.455	0.003232909509480222
0.46	0.003255862399660678
0.465	0.0032784293639132518
0.47000000000000003	0.003300617441974011
0.47500000000000003	0.003322433661027948
0.48000000000000004	0.003343885019443035
0.48500000000000004	0.0033649784726233066
0.49	0.0033857209207517076
0.495	0.0034061191982118788
0.5	0.0034261800645067025
0.505	0.0034459101965070293
0.51	0.0034653161818836305
0.515	0.0034844045135922447
0.52	0.0035031815852927107
0.525	0.0035216536876013066
0.53	0.0035398270050770466
0.535	0.0035577076138624585
0.54	0.003575301479902618
0.545	0.0035926144576780036
0.55	0.003609652289382528
0.5549999999999999	0.0036264206045064345
0.56	0.00364292491976628
0.565	0.003659170639338317
0.5700000000000001	0.003675163055368842
0.575	0.0036909073487062893
0.5800000000000001	0.0037064085898500404
0.585	0.003721671740064199
0.5900000000000001	0.0037367016526458994
0.595	0.003751503074330823
0.6000000000000001	0.0037660806467925143
0.605	0.0037804389082440534
0.6100000000000001	0.0037945822951182093
0.615	0.003808515143805184
0.62	0.003822241692438181
0.625	0.003835766082725313
0.63	0.0038490923618040625
0.635	0.003862224484125234
0.64	0.0038751663133395637
0.645	0.0038879216241897692
0.65	0.003900494104430549
0.655	0.003912887356691681
0.66	0.00392510490039015
0.665	0.003937150173584513
0.67	0.0039490265348312535
0.675	0.003960737265024676
0.6799999999999999	0.003972285569201311
0.685	0.003983674578333034
0.69	0.003994907351082428
0.6950000000000001	0.004005986875538137
0.7	0.004016916070918226
0.7050000000000001	0.004027697789243846
0.71	0.004038334816974503
0.7150000000000001	0.004048829876618915
0.72	0.004059185628322637
0.7250000000000001	0.004069404671399623
0.73	0.004079489545838019
0.7350000000000001	0.004089442733801143
0.74	0.004099266661051813
0.7450000000000001	0.00410896369836633
0.75	0.004118536162923868
0.7550000000000001	0.004127986319644101
0.76	0.004137316382496652
0.7650000000000001	0.004146528515798942
0.77	0.004155624835455409
0.7750000000000001	0.0041646074101822856
0.78	0.004173478262692662
0.7849999999999999	0.004182239370847257
0.79	0.004190892668812641
0.7949999999999999	0.004199440048131148
0.8	0.0042078833588036725
0.8049999999999999	0.004216224410344509
0.81	0.004224464972787284
0.815	0.004232606777672026
0.8200000000000001	0.0042406515190127085
0.825	0.004248600854261982
0.8300000000000001	0.00425645640515873
0.835	0.004264219758722325
0.8400000000000001	0.004271892467996565
0.845	0.004279476052996272
0.8500000000000001	0.004286972001459027
0.855	0.004294381769700997
0.8600000000000001	0.004301706783330794
0.865	0.00430894843805572
0.8700000000000001	0.0043161081003969546
0.875	0.004323187108400921
0.8800000000000001	0.0043301867723707504
0.885	0.004337108375475862
0.8900000000000001	0.0043439531744887475
0.895	0.0043507224003862845
0.9000000000000001	0.004357417258974695
0.905	0.00436403893149743
0.9099999999999999	0.004370588575240837
0.915	0.004377067324097751
0.9199999999999999	0.004383476289162721
0.925	0.004389816559193406
0.9299999999999999	0.004396089201244665
0.935	0.00440229526110831
0.94	0.004408435763855291
0.9450000000000001	0.004414511714298124
0.95	0.004420524097525006
0.9550000000000001	0.004426473879294768
0.96	0.004432362006501211
0.9650000000000001	0.004438189407640548
0.97	0.004443956993239129
0.9750000000000001	0.004449665656229892
0.98	0.004455316272442575
0.9850000000000001	0.004460909700884038
0.99	0.00446644678417285
0.9950000000000001	0.004471928348988676
1.	0.004477355206332871