0.2	0.0971126775528313
0.20500000000000002	0.08923401780970634
0.21000000000000002	0.08321206903667382
0.21500000000000002	0.07846652963196392
0.22	0.07463466440639466
0.225	0.07147820393717079
0.23	0.06883427768487148
0.23500000000000001	0.06658785777264377
0.24000000000000002	0.06465546025510596
0.245	0.06297508018989666
0.25	0.06149974549334064
0.255	0.06019325744805624
0.26	0.05902729885984773
0.265	0.057979423671248885
0.27	0.057031629847917854
0.275	0.05616932733645628
0.28	0.05538057924357449
0.28500000000000003	0.05465553552799219
0.29000000000000004	0.05398600464043402
0.29500000000000004	0.05336512553230249
0.30000000000000004	0.052787113712021556
0.305	0.052247062627976036
0.31	0.051740786873620916
0.315	0.05126469734638266
0.32	0.05081570106236838
0.325	0.05039112016983624
0.33	0.04998862603892333
0.335	0.0496061852835163
0.34	0.049242015295986534
0.345	0.04889454741778515
0.35	0.04856239627831482
0.355	0.04824433414627642
0.36	0.04793926937703132
0.365	0.047646228224657014
0.37	0.047364339431596514
0.375	0.04709282112191824
0.38	0.04683096961348035
0.385	0.04657814983518165
0.39	0.0463337870920876
0.395	0.0460973599666661
0.4	0.04586839418103395
0.405	0.0456464572748537
0.41000000000000003	0.045431153977733514
0.41500000000000004	0.04522212217480062
0.42000000000000004	0.04501902938039185
0.42500000000000004	0.044821569648233216
0.43000000000000005	0.044629460857589814
0.43500000000000005	0.044442442324102424
0.44	0.04426027269172742
0.445	0.04408272806863048
0.45	0.04390960037529319
0.455	0.04374069587763296
0.46	0.043575833881779845
0.465	0.043414845570396585
0.47000000000000003	0.04325757296319054
0.47500000000000003	0.043103867986606405
0.48000000000000004	0.042953591639693006
0.48500000000000004	0.042806613244845276
0.49	0.042662809773588946
0.495	0.042522065238833485
0.5	0.04238427014610606
0.505	0.04224932099720486
0.51	0.042117119840527684
0.515	0.0419875738630243
0.52	0.04186059501932786
0.525	0.04173609969415542
0.53	0.04161400839450844
0.535	0.041494245468631154
0.54	0.04137673884900991
0.545	0.04126141981701324
0.55	0.04114822278704294
0.5549999999999999	0.04103708510829825
0.56	0.04092794688245949
0.565	0.040820750795787765
0.5700000000000001	0.04071544196429012
0.575	0.040611967790743206
0.5800000000000001	0.0405102778325045
0.585	0.04041032367912921
0.5900000000000001	0.04031205883893534
0.595	0.040215438633728874
0.6000000000000001	0.04012042010097959
0.605	0.04002696190282316
0.6100000000000001	0.03993502424131199
0.615	0.03984456877938696
0.62	0.03975555856711929
0.625	0.03966795797277666
0.63	0.03958173261835071
0.635	0.03949684931917447
0.64	0.03941327602732738
0.645	0.03933098177852247
0.65	0.039249936642242175
0.655	0.03917011167483029
0.66	0.03909147887538312
0.665	0.0390140111441826
0.67	0.038937682243524147
0.675	0.03886246676075411
0.6799999999999999	0.038788340073363875
0.685	0.03871527831601151
0.69	0.038643258349313994
0.6950000000000001	0.03857225773032314
0.7	0.03850225468454194
0.7050000000000001	0.03843322807941469
0.71	0.03836515739915389
0.7150000000000001	0.0382980227208601
0.72	0.038231804691830275
0.7250000000000001	0.03816648450798658
0.73	0.038102043893339044
0.7350000000000001	0.03803846508047662
0.74	0.03797573079193661
0.7450000000000001	0.037913824222480456
0.75	0.037852729022187365
0.7550000000000001	0.037792429280305934
0.76	0.0377329095098553
0.7650000000000001	0.03767415463291025
0.77	0.03761614996653457
0.7750000000000001	0.03755888120932439
0.78	0.037502334428558416
0.7849999999999999	0.03744649604786411
0.79	0.0373913528354187
0.7949999999999999	0.03733689189266957
0.8	0.037283100643482815
0.8049999999999999	0.03722996682376104
0.81	0.03717747847147939
0.815	0.03712562391711027
0.8200000000000001	0.03707439177444553
0.825	0.037023770931789435
0.8300000000000001	0.03697375054343996
0.835	0.036924320021576904
0.8400000000000001	0.03687546902840329
0.845	0.036827187468617406
0.8500000000000001	0.03677946548213684
0.855	0.03673229343714326
0.8600000000000001	0.036685661923329754
0.865	0.03663956174540999
0.8700000000000001	0.03659398391689693
0.875	0.036548919654086444
0.8800000000000001	0.03650436037023005
0.885	0.03646029766993499
0.8900000000000001	0.03641672334377485
0.895	0.03637362936308146
0.9000000000000001	0.036331007874874074
0.905	0.03628885119705344
0.9099999999999999	0.03624715181364609
0.915	0.03620590237030198
0.9199999999999999	0.036165095669940084
0.925	0.036124724668405564
0.9299999999999999	0.03608478247051702
0.935	0.036045262325955
0.94	0.03600615762556591
0.9450000000000001	0.03596746189752545
0.95	0.035929168803836044
0.9550000000000001	0.035891272136833026
0.96	0.03585376581576853
0.9650000000000001	0.03581664388360833
0.97	0.03577990050387238
0.9750000000000001	0.035743529957537185
0.98	0.03570752664008661
0.9850000000000001	0.03567188505868464
0.99	0.035636599829269845
0.9950000000000001	0.035601665674033056
1.	0.0355670774186056