0.2	0.1007292707331788
0.20500000000000002	0.09664605271562995
0.21000000000000002	0.09341548866645459
0.21500000000000002	0.09079893881386852
0.22	0.08863954318000843
0.225	0.0868296704034407
0.23	0.08529287647032222
0.23500000000000001	0.08397331042547614
0.24000000000000002	0.08282919256718628
0.245	0.0818286388142131
0.25	0.08094689691314617
0.255	0.08016446428888171
0.26	0.07946577428030038
0.265	0.07883825911301728
0.27	0.0782716687385802
0.275	0.07775756723739942
0.28	0.07728895483753166
0.28500000000000003	0.07685998034478318
0.29000000000000004	0.07646571966543259
0.29500000000000004	0.07610200332938033
0.30000000000000004	0.07576528081023087
0.305	0.07545251280333194
0.31	0.07516108497501477
0.315	0.07488873836467554
0.32	0.07463351282053711
0.325	0.07439370072253632
0.33	0.07416780888800611
0.335	0.07395452703351374
0.34	0.0737527015250433
0.345	0.07356131342074318
0.35	0.07337946001846447
0.355	0.07320633928065821
0.36	0.07304123663373277
0.365	0.07288351373638617
0.37	0.07273259888813836
0.375	0.07258797881007877
0.38	0.07244919157830484
0.385	0.07231582052937836
0.39	0.0721874889884378
0.395	0.07206385569597042
0.4	0.07194461082989122
0.405	0.07182947253645672
0.41000000000000003	0.07171818389740192
0.41500000000000004	0.07161051027211933
0.42000000000000004	0.07150623696315801
0.42500000000000004	0.07140516716118457
0.43000000000000005	0.07130712013209958
0.43500000000000005	0.07121192961448919
0.44	0.0711194424001959
0.445	0.07102951707466584
0.45	0.07094202289700803
0.455	0.07085683880246897
0.46	0.0707738525123849
0.465	0.07069295973867634
0.47000000000000003	0.07061406347166377
0.47500000000000003	0.07053707334144464
0.48000000000000004	0.07046190504433429
0.48500000000000004	0.07038847982694603
0.49	0.07031672402142375
0.495	0.07024656862613965
0.5	0.0701779489268661
0.505	0.07011080415403392
0.51	0.07004507717221264
0.515	0.06998071419840404
0.52	0.06991766454613511
0.525	0.06985588039269078
0.53	0.06979531656711646
0.535	0.06973593035690215
0.54	0.0696776813314831
0.545	0.06962053118089492
0.55	0.06956444356811306
0.5549999999999999	0.069509383993753
0.56	0.06945531967195545
0.565	0.06940221941640248
0.5700000000000001	0.06935005353552295
0.575	0.06929879373603154
0.5800000000000001	0.06924841303405908
0.585	0.06919888567317115
0.5900000000000001	0.0691501870486728
0.595	0.06910229363764415
0.6000000000000001	0.06905518293419939
0.605	0.06900883338952857
0.6100000000000001	0.06896322435630807
0.615	0.06891833603711052
0.62	0.06887414943648654
0.625	0.06883064631640137
0.63	0.06878780915476868
0.635	0.06874562110682352
0.64	0.06870406596910097
0.645	0.06866312814582076
0.65	0.06862279261750061
0.655	0.06858304491159417
0.66	0.06854387107503705
0.665	0.06850525764852221
0.67	0.06846719164240192
0.675	0.06842966051407208
0.6799999999999999	0.06839265214674953
0.685	0.06835615482953006
0.69	0.06832015723863785
0.6950000000000001	0.068284648419777
0.7	0.06824961777152118
0.7050000000000001	0.06821505502965249
0.71	0.0681809502523897
0.7150000000000001	0.06814729380645759
0.72	0.06811407635391079
0.7250000000000001	0.06808128883970806
0.73	0.06804892247992579
0.7350000000000001	0.06801696875063516
0.74	0.06798541937735343
0.7450000000000001	0.06795426632503528
0.75	0.0679235017886115
0.7550000000000001	0.06789311818397946
0.76	0.06786310813947019
0.7650000000000001	0.06783346448773131
0.77	0.06780418025801806
0.7750000000000001	0.0677752486688474
0.78	0.06774666312102018
0.7849999999999999	0.06771841719097718
0.79	0.06769050462444455
0.7949999999999999	0.06766291933040866
0.8	0.0676356553753459
0.8049999999999999	0.06760870697772856
0.81	0.06758206850276441
0.815	0.06755573445738365
0.8200000000000001	0.06752969948544191
0.825	0.06750395836314854
0.8300000000000001	0.06747850599464823
0.835	0.06745333740784741
0.8400000000000001	0.06742844775038047
0.845	0.06740383228575854
0.8500000000000001	0.06737948638966194
0.855	0.06735540554642905
0.8600000000000001	0.06733158534562926
0.865	0.06730802147879811
0.8700000000000001	0.06728470973631678
0.875	0.06726164600441616
0.8800000000000001	0.06723882626227232
0.885	0.06721624657920586
0.8900000000000001	0.06719390311204179
0.895	0.06717179210254348
0.9000000000000001	0.0671499098748859
0.905	0.06712825283332792
0.9099999999999999	0.06710681745990074
0.915	0.06708560031217237
0.9199999999999999	0.0670645980211725
0.925	0.06704380728925065
0.9299999999999999	0.0670232248882232
0.935	0.06700284765730578
0.94	0.06698267250141966
0.9450000000000001	0.06696269638929984
0.95	0.06694291635184055
0.9550000000000001	0.06692332948041047
0.96	0.06690393292524566
0.9650000000000001	0.06688472389389935
0.97	0.0668656996497774
0.9750000000000001	0.0668468575106354
0.98	0.06682819484721363
0.9850000000000001	0.06680970908188537
0.99	0.06679139768727693
0.9950000000000001	0.06677325818512111
1.	0.06675528814493008
1.0050000000000001	0.06673748518279735
1.01	0.0667198469603156
1.0150000000000001	0.06670237118343106
1.02	0.06668505560128171
1.0250000000000001	0.06666789800530762
1.03	0.06665089622806292
1.035	0.06663404814233558
1.04	0.06661735166015671
1.045	0.06660080473191625
1.05	0.06658440534529536
1.055	0.06656815152463287
1.06	0.06655204132993371
1.065	0.06653607285599494
1.07	0.06652024423174965
1.075	0.06650455361936974
1.08	0.06648899921359042
1.085	0.0664735792409214
1.09	0.06645829195885831
1.095	0.0664431356554272
1.1	0.06642810864828291
1.105	0.06641320928411897
1.11	0.06639843593804458
1.115	0.06638378701297526
1.12	0.06636926093900683
1.125	0.06635485617277616
1.1300000000000001	0.06634057119701363
1.135	0.06632640451990007
1.1400000000000001	0.06631235467448246
1.145	0.06629842021827297
1.1500000000000001	0.06628459973258405
1.155	0.06627089182218338
1.16	0.06625729511467982
1.165	0.06624380826009144
1.17	0.06623042993042112
1.175	0.06621715881910582
1.18	0.0662039936407022
1.185	0.06619093313034262
1.19	0.0661779760434405
1.195	0.06616512115515938
1.2	0.06615236725997582
1.205	0.06613971317156223
1.21	0.06612715772211923
1.215	0.06611469976204208
1.22	0.06610233815980048
1.2249999999999999	0.06609007180128101
1.23	0.06607789958961985
1.2349999999999999	0.0660658204449133
1.24	0.06605383330360085
1.2449999999999999	0.06604193711854987
1.25	0.0660301308584379
1.255	0.06601841350751166
1.26	0.06600678406545443
1.265	0.06599524154696684
1.27	0.06598378498131685
1.275	0.06597241341243583
1.28	0.0659611258982558
1.285	0.06594992151074226
1.29	0.06593879933558697
1.295	0.06592775847180783
1.3	0.065916798031532
1.305	0.06590591713987501
1.31	0.06589511493475005
1.315	0.06588439056630414
1.32	0.06587374319703762
1.325	0.06586317200151848
1.33	0.06585267616591084
1.335	0.06584225488828907
1.34	0.065831907377642
1.345	0.06582163285454325
1.35	0.0658114305503436
1.355	0.06580129970716389
1.3599999999999999	0.06579123957783674
1.365	0.06578124942551956
1.3699999999999999	0.06577132852358819
1.375	0.06576147615533211
1.38	0.06575169161424453
1.385	0.0657419742031514
1.39	0.06573232323483522
1.395	0.06572273803087884
1.4	0.06571321792265575
1.405	0.06570376225015731
1.41	0.06569437036250177
1.415	0.06568504161772591
1.42	0.06567577538182603
1.425	0.06566657102990378
1.43	0.06565742794529185
1.435	0.0656483455190352
1.44	0.06563932315083518
1.445	0.06563036024793534
1.45	0.06562145622532146
1.455	0.06561261050587569
1.46	0.0656038225198162
1.465	0.06559509170479687
1.47	0.06558641750596682
1.475	0.06557779937518944
1.48	0.06556923677179374
1.4849999999999999	0.06556072916190239
1.49	0.0655522760183755
1.4949999999999999	0.06554387682093508
1.5	0.0655355310557899
1.505	0.06552723821582525
1.51	0.06551899780016242
1.515	0.06551080931407671
1.52	0.06550267226953828
1.525	0.06549458618409461
1.53	0.06548655058183944
1.535	0.06547856499182164
1.54	0.0654706289504929
1.545	0.06546274199816812
1.55	0.06545490368242636
1.555	0.06544711355527623
1.56	0.06543937117504449
1.565	0.06543167610492008
1.57	0.06542402791317384
1.575	0.06541642617405687
1.58	0.06540887046640252
1.585	0.06540136037460184
1.59	0.06539389548716716
1.595	0.06538647539851795
1.6	0.06537909970687832
1.605	0.06537176801671411
1.6099999999999999	0.06536447993583998
1.615	0.06535723507739273
1.6199999999999999	0.06535003305839879
1.625	0.06534287350135425
1.63	0.06533575603245041
1.635	0.06532868028249317
1.64	0.06532164588653841
1.645	0.065314652484155
1.65	0.06530769971886623
1.655	0.0653007872378812
1.66	0.06529391469334103
1.665	0.06528708174017077
1.67	0.06528028803927055
1.675	0.06527353325322029
1.68	0.06526681704949494
1.685	0.06526013909973623
1.69	0.06525349907791804
1.695	0.0652468966635298
1.7	0.06524033153757297
1.705	0.06523380338687504
1.71	0.06522731189991206
1.715	0.06522085677004968
1.72	0.0652144376931303
1.725	0.06520805436825426
1.73	0.06520170649869829
1.735	0.06519539379005568
1.74	0.06518911595215911
1.7449999999999999	0.06518287269760689
1.75	0.06517666374140485
1.755	0.0651704888029208
1.76	0.06516434760429908
1.765	0.06515823986934294
1.77	0.06515216532693194
1.775	0.06514612370689349
1.78	0.06514011474408728
1.785	0.06513413817378987
1.79	0.06512819373642505
1.795	0.06512228117384673
1.8	0.06511640023034003
1.805	0.06511055065430352
1.81	0.0651047321951729
1.815	0.06509894460662408
1.82	0.06509318764414394
1.825	0.06508746106549923
1.83	0.06508176463142637
1.835	0.06507609810562107
1.84	0.06507046125265828
1.845	0.06506485384115297
1.85	0.06505927564115661
1.855	0.06505372642635072
1.86	0.06504820597130725
1.865	0.06504271405417145
1.8699999999999999	0.06503725045369978
1.875	0.06503181495291362
1.88	0.06502640733513235
1.885	0.06502102738809322
1.89	0.06501567489863373
1.895	0.06501034965899372
1.9	0.06500505146146013
1.905	0.0649997801024135
1.91	0.06499453537646828
1.915	0.0649893170838761
1.92	0.06498412502670829
1.925	0.06497895900669459
1.93	0.06497381882933141
1.935	0.06496870430204581
1.94	0.06496361523284495
1.945	0.0649585514334873
1.95	0.06495351271628763
1.955	0.0649484988951602
1.96	0.06494350978759707
1.965	0.06493854521033539
1.97	0.06493360498457613
1.975	0.06492868893122757
1.98	0.06492379687450359
1.985	0.06491892863871905
1.99	0.06491408405014303
1.9949999999999999	0.06490926293893146
2.	0.06490446513415707