0.2	0.38235291220998124
0.20500000000000002	0.2076394269707301
0.21000000000000002	0.16355705763310358
0.21500000000000002	0.14181795128325037
0.22	0.12858973813746297
0.225	0.11963153248480837
0.23	0.11315664720151947
0.23500000000000001	0.10826711713730548
0.24000000000000002	0.10445702663469755
0.245	0.10141743461255893
0.25	0.09894801319087868
0.255	0.09691267708758981
0.26	0.09521548492885745
0.265	0.0937867151596825
0.27	0.09257440686541786
0.275	0.09153900262453854
0.28	0.0906498349994476
0.28500000000000003	0.08988275221806383
0.29000000000000004	0.0892184716433264
0.29500000000000004	0.08864141185476188
0.30000000000000004	0.08813884756281626
0.305	0.0877002872162066
0.31	0.08731700732174781
0.315	0.08698169903557439
0.32	0.08668819649494791
0.325	0.0864312655382676
0.33	0.08620643763599738
0.335	0.08600987808380653
0.34	0.08583828045199908
0.345	0.08568878136380403
0.35	0.08555889116329127
0.355	0.08544643711271965
0.36	0.08534951655067254
0.365	0.0852664580293278
0.37	0.08519578888891219
0.375	0.08513620805989679
0.38	0.08508656313715171
0.385	0.08504583096540935
0.39	0.0850131011266577
0.395	0.08498756183822746
0.4	0.08496848786323206
0.405	0.08495523010856126
0.41000000000000003	0.08494720664418667
0.41500000000000004	0.08494389492446064
0.42000000000000004	0.08494482502988049
0.42500000000000004	0.08494957377840241
0.43000000000000005	0.0849577595803001
0.43500000000000005	0.08496903793093198
0.44	0.08498309745252924
0.445	0.08499965640991392
0.45	0.08501845963650936
0.455	0.08503927581651625
0.46	0.08506189507707948
0.465	0.08508612685092669
0.47000000000000003	0.08511179797556225
0.47500000000000003	0.0851387509998274
0.48000000000000004	0.08516684267263153
0.48500000000000004	0.08519594259205698
0.49	0.08522593199593685
0.495	0.08525670267746373
0.5	0.08528815601151107
0.505	0.08532020207915476
0.51	0.0853527588794547
0.515	0.08538575161889349
0.52	0.08541911207003676
0.525	0.0854527779920011
0.53	0.0854866926061669
0.535	0.08552080412137124
0.54	0.08555506530344793
0.545	0.08558943308458726
0.55	0.08562386820848328
0.5549999999999999	0.08565833490769542
0.56	0.08569280061003108
0.565	0.08572723567110603
0.5700000000000001	0.08576161313055644
0.575	0.0857959084896109
0.5800000000000001	0.08583009950802493
0.585	0.08586416601851592
0.5900000000000001	0.08589808975710397
0.595	0.08593185420787189
0.6000000000000001	0.0859654444608147
0.605	0.08599884708161115
0.6100000000000001	0.08603204999223678
0.615	0.08606504236143846
0.62	0.08609781450422431
0.625	0.08613035778954746
0.63	0.08616266455549579
0.635	0.0861947280313273
0.64	0.08622654226575709
0.645	0.0862581020609754
0.65	0.08628940291192629
0.655	0.08632044095035382
0.66	0.08635121289328215
0.665	0.08638171599552386
0.67	0.08641194800588953
0.675	0.08644190712680641
0.6799999999999999	0.08647159197706276
0.685	0.08650100155743298
0.69	0.08653013521892879
0.6950000000000001	0.08655899263351548
0.7	0.08658757376702891
0.7050000000000001	0.08661587885420552
0.71	0.08664390837555597
0.7150000000000001	0.0866716630360457
0.72	0.08669914374535902
0.7250000000000001	0.08672635159968306
0.73	0.08675328786482885
0.7350000000000001	0.08677995396067738
0.74	0.08680635144676832
0.7450000000000001	0.08683248200896754
0.75	0.08685834744716801
0.7550000000000001	0.0868839496639112
0.76	0.08690929065384059
0.7650000000000001	0.08693437249399796
0.77	0.08695919733481601
0.7750000000000001	0.08698376739180035
0.78	0.08700808493788509
0.7849999999999999	0.08703215229629774
0.79	0.0870559718340196
0.7949999999999999	0.08707954595574693
0.8	0.08710287709830176
0.8049999999999999	0.08712596772547795
0.81	0.08714882032329498
0.815	0.08717143739559667
0.8200000000000001	0.0871938214600447
0.825	0.08721597504439534
0.8300000000000001	0.08723790068306551
0.835	0.08725960091400176
0.8400000000000001	0.08728107827579215
0.845	0.08730233530500786
0.8500000000000001	0.08732337453377936
0.855	0.0873441984875817
0.8600000000000001	0.08736480968317227
0.865	0.08738521062674165
0.8700000000000001	0.08740540381220266
0.875	0.08742539171969768
0.8800000000000001	0.0874451768141452
0.885	0.0874647615439454
0.8900000000000001	0.08748414833988369
0.895	0.08750333961408618
0.9000000000000001	0.08752233775903259
0.905	0.08754114514675992
0.9099999999999999	0.08755976412810816
0.915	0.08757819703204786
0.9199999999999999	0.0875964461651106
0.925	0.0876145138107936
0.9299999999999999	0.08763240222927324
0.935	0.08765011365680839
0.94	0.08766765030559147
0.9450000000000001	0.08768501436336276
0.95	0.08770220799318436
0.9550000000000001	0.08771923333333055
0.96	0.08773609249701637
0.9650000000000001	0.08775278757242361
0.97	0.08776932062255946
0.9750000000000001	0.08778569368518342
0.98	0.0878019087729095
0.9850000000000001	0.08781796787310892
0.99	0.08783387294798466
0.9950000000000001	0.08784962593475472
1.	0.08786522874551093