0.2	0.09854576477598177
0.20500000000000002	0.0944637590876556
0.21000000000000002	0.09122064954640138
0.21500000000000002	0.08858133529811116
0.22	0.08639135628429193
0.225	0.0845447833619383
0.23	0.08296642554965923
0.23500000000000001	0.0816013834273928
0.24000000000000002	0.08040861909963753
0.245	0.0793568397744622
0.25	0.0784217734391034
0.255	0.0775843137805937
0.26	0.07682922546781773
0.265	0.0761442208386486
0.27	0.0755192888260462
0.275	0.07494619892726799
0.28	0.07441812900333795
0.28500000000000003	0.07392938220220172
0.29000000000000004	0.07347516903038334
0.29500000000000004	0.07305143772185631
0.30000000000000004	0.0726547408721699
0.305	0.0722821296227332
0.31	0.07193106899916123
0.315	0.07159936965252045
0.32	0.07128513243472889
0.325	0.07098670309983149
0.33	0.07070263505621506
0.335	0.07043165856595761
0.34	0.07017265514143421
0.345	0.06992463615764129
0.35	0.06968672490389746
0.355	0.0694581414567626
0.36	0.06923818987887488
0.365	0.06902624734451165
0.37	0.06882175486835286
0.375	0.06862420937389242
0.38	0.06843315688573803
0.385	0.0682481866683516
0.39	0.06806892616465136
0.395	0.06789503661289689
0.4	0.06772620924061375
0.405	0.0675621619509424
0.41000000000000003	0.0674026364304346
0.41500000000000004	0.06724739561856699
0.42000000000000004	0.06709622148853976
0.42500000000000004	0.06694891309665395
0.43000000000000005	0.06680528486399097
0.43500000000000005	0.06666516505949896
0.44	0.06652839445810144
0.445	0.06639482515123485
0.45	0.06626431949042652
0.455	0.0661367491472275
0.46	0.06601199427511628
0.465	0.06588994276093779
0.47000000000000003	0.06577048955511168
0.47500000000000003	0.06565353607126306
0.48000000000000004	0.0655389896471505
0.48500000000000004	0.06542676305981007
0.49	0.06531677408873539
0.495	0.06520894512168823
0.5	0.06510320279840774
0.505	0.06499947768805905
0.51	0.06489770399677301
0.515	0.06479781930206008
0.52	0.0646997643112615
0.525	0.06460348264153831
0.53	0.06450892061917363
0.535	0.06441602709623681
0.54	0.06432475328286143
0.545	0.0642350525935904
0.55	0.06414688050641508
0.5549999999999999	0.06406019443328145
0.56	0.06397495360096754
0.565	0.06389111894135817
0.5700000000000001	0.06380865299024117
0.575	0.0637275197938404
0.5800000000000001	0.06364768482239123
0.585	0.0635691148901172
0.5900000000000001	0.06349177808105183
0.595	0.06341564368019052
0.6000000000000001	0.06334068210950967
0.605	0.06326686486844686
0.6100000000000001	0.0631941644784643
0.615	0.06312255443134962
0.62	0.06305200914096179
0.625	0.06298250389812765
0.63	0.06291401482845514
0.635	0.06284651885281671
0.64	0.06277999365030822
0.645	0.0627144176234799
0.65	0.06264976986569239
0.655	0.06258603013039754
0.66	0.0625231788022515
0.665	0.06246119686988281
0.67	0.06240006590022494
0.675	0.06233976801428934
0.6799999999999999	0.06228028586427962
0.685	0.062221602611963876
0.69	0.0621637019081988
0.6950000000000001	0.06210656787355354
0.7	0.06205018507993503
0.7050000000000001	0.061994538533176206
0.71	0.06193961365649118
0.7150000000000001	0.06188539627477561
0.72	0.06183187259967975
0.7250000000000001	0.06177902921541142
0.73	0.06172685306520902
0.7350000000000001	0.061675331438490556
0.74	0.06162445195856642
0.7450000000000001	0.06157420257094724
0.75	0.06152457153218327
0.7550000000000001	0.061475547399194364
0.76	0.06142711901909067
0.7650000000000001	0.061379275519437546
0.77	0.06133200629894196
0.7750000000000001	0.061285301018534945
0.78	0.061239149592853113
0.7849999999999999	0.06119354218205064
0.79	0.06114846918396134
0.7949999999999999	0.06110392122660342
0.8	0.06105988916095641
0.8049999999999999	0.061016364054047874
0.81	0.06097333718231222
0.815	0.06093080002520095
0.8200000000000001	0.06088874425905459
0.825	0.06084716175121847
0.8300000000000001	0.06080604455433684
0.835	0.06076538490092604
0.8400000000000001	0.06072517519810321
0.845	0.06068540802253654
0.8500000000000001	0.060646076115554955
0.855	0.060607172378476175
0.8600000000000001	0.06056868986805788
0.865	0.0605306217921227
0.8700000000000001	0.06049296150536601
0.875	0.06045570250529428
0.8800000000000001	0.060418838428283314
0.885	0.06038236304578929
0.8900000000000001	0.06034627026070033
0.895	0.06031055410380629
0.9000000000000001	0.06027520873035122
0.905	0.06024022841677598
0.9099999999999999	0.06020560755747432
0.915	0.060171340661731965
0.9199999999999999	0.06013742235076266
0.925	0.060103847354728936
0.9299999999999999	0.06007061051006308
0.935	0.06003770675663338
0.94	0.06000513113523368
0.9450000000000001	0.05997287878493531
0.95	0.05994094494069645
0.9550000000000001	0.05990932493095964
0.96	0.0598780141752952
0.9650000000000001	0.05984700818220433
0.97	0.05981630254694148
0.9750000000000001	0.05978589294937158
0.98	0.05975577515193542
0.9850000000000001	0.059725944997701494
0.99	0.05969639840833771
0.9950000000000001	0.0596671313823893
1.	0.059638139993300934