0.2	0.09512148654972767
0.20500000000000002	0.0910919630633589
0.21000000000000002	0.08785060114456385
0.21500000000000002	0.0851781029439019
0.22	0.08292972683747449
0.225	0.08100588571583305
0.23	0.07933573580267503
0.23500000000000001	0.07786748397642806
0.24000000000000002	0.07656239234773143
0.245	0.07539092409056374
0.25	0.07433018362313738
0.255	0.07336216824043197
0.26	0.07247254469448171
0.265	0.07164977479684288
0.27	0.07088447872351644
0.275	0.0701689636919321
0.28	0.06949686989321155
0.28500000000000003	0.06886290098901288
0.29000000000000004	0.06826261653749742
0.29500000000000004	0.06769227040407641
0.30000000000000004	0.0671486837493108
0.305	0.06662914431530052
0.31	0.06613132592392434
0.315	0.0656532236581375
0.32	0.06519310131941783
0.325	0.06474944857230981
0.33	0.06432094579002758
0.335	0.06390643506438044
0.34	0.06350489618134376
0.345	0.0631154266202883
0.35	0.06273722483144445
0.355	0.062369576197903946
0.36	0.06201184120644241
0.365	0.061663445443836964
0.37	0.06132387110816457
0.375	0.06099264978231139
0.38	0.0606693562629739
0.385	0.06035360327535881
0.39	0.060045036933550296
0.395	0.05974333283061167
0.4	0.05944819266209119
0.405	0.05915934130261731
0.41000000000000003	0.05887652426839989
0.41500000000000004	0.05859950550926985
0.42000000000000004	0.05832806548282007
0.42500000000000004	0.058061999470621274
0.43000000000000005	0.05780111610264387
0.43500000000000005	0.057545236061156566
0.44	0.05729419093967592
0.445	0.05704782223614438
0.45	0.05680598046255443
0.455	0.05656852435579252
0.46	0.056335320176644325
0.465	0.05610624108573417
0.47000000000000003	0.05588116658673146
0.47500000000000003	0.05565998202848087
0.48000000000000004	0.05544257815884539
0.48500000000000004	0.05522885072401635
0.49	0.055018700107872576
0.495	0.05481203100668011
0.5	0.05460875213503471
0.505	0.0544087759594735
0.51	0.054212018456633586
0.515	0.05401839889323103
0.52	0.05382783962546315
0.525	0.05364026591574434
0.53	0.05345560576492
0.535	0.053273789758346554
0.54	0.053094750924399706
0.545	0.05291842460414924
0.55	0.05274474833108475
0.5549999999999999	0.052573661719903554
0.56	0.05240510636348307
0.565	0.05223902573725746
0.5700000000000001	0.052075365110311224
0.575	0.051914071462562696
0.5800000000000001	0.0517550934075021
0.585	0.05159838111997415
0.5900000000000001	0.05144388626857886
0.595	0.05129156195229878
0.6000000000000001	0.05114136264097847
0.605	0.05099324411936023
0.6100000000000001	0.05084716343438451
0.615	0.05070307884548328
0.62	0.05056094977765664
0.625	0.05042073677709502
0.63	0.05028240146918341
0.635	0.05014590651869217
0.64	0.050011215592013776
0.645	0.04987829332128062
0.65	0.049747105270276266
0.655	0.04961761790195573
0.66	0.04948979854753656
0.665	0.04936361537700437
0.67	0.04923903737098032
0.675	0.049116034293841856
0.6799999999999999	0.048994576668034855
0.685	0.048874635749499545
0.69	0.048756183504143125
0.6950000000000001	0.04863919258530715
0.7	0.04852363631216089
0.7050000000000001	0.04840948864898947
0.71	0.048296724185293155
0.7150000000000001	0.04818531811670342
0.72	0.04807524622662515
0.7250000000000001	0.04796648486860108
0.73	0.04785901094933565
0.7350000000000001	0.04775280191237766
0.74	0.04764783572239883
0.7450000000000001	0.047544090850043685
0.75	0.04744154625735813
0.7550000000000001	0.04734018138370877
0.76	0.047239976132226774
0.7650000000000001	0.04714091085673379
0.77	0.047042966349105514
0.7750000000000001	0.046946123827085066
0.78	0.046850364922515174
0.7849999999999999	0.04675567166996645
0.79	0.046662026495745454
0.7949999999999999	0.04656941220727688
0.8	0.04647781198283485
0.8049999999999999	0.046387209361611705
0.81	0.046297588234111654
0.815	0.04620893283283981
0.8200000000000001	0.04612122772332106
0.825	0.046034457795386216
0.8300000000000001	0.04594860825471801
0.835	0.045863664614697645
0.8400000000000001	0.04577961268848507
0.845	0.045696438581331156
0.8500000000000001	0.04561412868317011
0.855	0.045532669661396664
0.8600000000000001	0.04545204845386921
0.865	0.04537225226214764
0.8700000000000001	0.045293268544903724
0.875	0.0452150850115626
0.8800000000000001	0.04513768961610989
0.885	0.04506107055106273
0.8900000000000001	0.04498521624166287
0.895	0.04491011534022525
0.9000000000000001	0.0448357567206131
0.905	0.04476212947292137
0.9099999999999999	0.044689222898292066
0.915	0.044617026503870214
0.9199999999999999	0.04454552999792569
0.925	0.044474723285058
0.9299999999999999	0.04440459646166367
0.935	0.04433513981131979
0.94	0.044266343800550494
0.9450000000000001	0.04419819907448928
0.95	0.044130696452755774
0.9550000000000001	0.04406382692551775
0.96	0.04399758164947472
0.9650000000000001	0.043931951944145176
0.97	0.04386692928816369
0.9750000000000001	0.04380250531561369
0.98	0.043738671812618174
0.9850000000000001	0.043675420713868464
0.99	0.0436127440993136
0.9950000000000001	0.04355063419100564
1.	0.04348908334984719