0.2	0.01849840857376176
0.20500000000000002	0.017725518930771008
0.21000000000000002	0.017200399924999128
0.21500000000000002	0.016846058120658203
0.22	0.016613902040923386
0.225	0.016471721625461583
0.23	0.01639730312550452
0.23500000000000001	0.016374819858494625
0.24000000000000002	0.016392685475864647
0.245	0.016442221604721693
0.25	0.01651680046812198
0.255	0.016611275681105184
0.26	0.016721593940660112
0.265	0.01684452369118574
0.27	0.016977461440624526
0.275	0.017118290838556757
0.28	0.01726527836251033
0.28500000000000003	0.017416994888806773
0.29000000000000004	0.01757225588257834
0.29500000000000004	0.017730075192761405
0.30000000000000004	0.01788962893257724
0.305	0.01805022693654426
0.31	0.018211289979672505
0.315	0.018372331429276554
0.32	0.01853294234300159
0.325	0.018692779272763096
0.33	0.018851554212981445
0.335	0.01900902626270398
0.34	0.019164994668612233
0.345	0.019319292988945993
0.35	0.019471784173670667
0.355	0.019622356398455422
0.36	0.01977091952257519
0.365	0.019917402066138668
0.37	0.02006174862183333
0.375	0.020203917631996415
0.38	0.020343879474216855
0.385	0.02048161480858948
0.39	0.020617113147722563
0.395	0.020750371617057915
0.4	0.020881393878323024
0.405	0.021010189193244835
0.41000000000000003	0.021136771608196013
0.41500000000000004	0.021261159243379787
0.42000000000000004	0.02138337367259617
0.42500000000000004	0.021503439381667228
0.43000000000000005	0.02162138329530615
0.43500000000000005	0.021737234363645896
0.44	0.021851023200866574
0.445	0.021962781769376615
0.45	0.022072543103890268
0.455	0.022180341070481988
0.46	0.02228621015634482
0.465	0.02239018528652186
0.47000000000000003	0.022492301664361992
0.47500000000000003	0.02259259463284914
0.48000000000000004	0.02269109955431553
0.48500000000000004	0.022787851706349338
0.49	0.02288288619197656
0.495	0.02297623786242779
0.5	0.02306794125100265
0.505	0.023158030516717245
0.51	0.023246539396581497
0.515	0.023333501165481805
0.52	0.0234189486027651
0.525	0.023502913964732
0.53	0.023585428962319025
0.535	0.023666524743358994
0.54	0.02374623187885451
0.545	0.02382458035277678
0.55	0.023901599554950935
0.5549999999999999	0.023977318276647792
0.56	0.024051764708530144
0.565	0.024124966440657362
0.5700000000000001	0.02419695046427361
0.575	0.024267743175137375
0.5800000000000001	0.024337370378192624
0.585	0.024405857293374068
0.5900000000000001	0.024473228562397687
0.595	0.02453950825637752
0.6000000000000001	0.024604719884136723
0.605	0.024668886401104536
0.6100000000000001	0.024732030218696605
0.615	0.024794173214070826
0.62	0.024855336740206315
0.625	0.02491554163620473
0.63	0.024974808237783544
0.635	0.025033156387875538
0.64	0.025090605447309452
0.645	0.025147174305511725
0.65	0.025202881391224098
0.655	0.02525774468314989
0.66	0.025311781720569086
0.665	0.025365009613838856
0.67	0.025417445054798527
0.675	0.02546910432703933
0.6799999999999999	0.02552000331603232
0.685	0.025570157519112298
0.69	0.025619582055275685
0.6950000000000001	0.025668291674827294
0.7	0.025716300768825022
0.7050000000000001	0.025763623378360852
0.71	0.025810273203623894
0.7150000000000001	0.025856263612791027
0.72	0.025901607650716328
0.7250000000000001	0.025946318047423627
0.73	0.02599040722638331
0.7350000000000001	0.026033887312635815
0.74	0.026076770140666193
0.7450000000000001	0.026119067262117785
0.75	0.026160789953307596
0.7550000000000001	0.026201949222535416
0.76	0.026242555817217895
0.7650000000000001	0.02628262023083752
0.77	0.026322152709701355
0.7750000000000001	0.02636116325951347
0.78	0.026399661651799237
0.7849999999999999	0.02643765743011921
0.79	0.02647515991612638
0.7949999999999999	0.02651217821548458
0.8	0.026548721223583198
0.8049999999999999	0.026584797631114772
0.81	0.02662041592950197
0.815	0.02665558441615221
0.8200000000000001	0.026690311199588417
0.825	0.026724604204439888
0.8300000000000001	0.0267584711762413
0.835	0.026791919686170014
0.8400000000000001	0.026824957135593498
0.845	0.026857590760522562
0.8500000000000001	0.02688982763590265
0.855	0.026921674679836843
0.8600000000000001	0.026953138657633744
0.865	0.02698422618575037
0.8700000000000001	0.027014943735663766
0.875	0.02704529763761073
0.8800000000000001	0.027075294084194144
0.885	0.02710493913390766
0.8900000000000001	0.027134238714575036
0.895	0.02716319862668815
0.9000000000000001	0.02719182454660362
0.905	0.027220122029739117
0.9099999999999999	0.027248096513569492
0.915	0.02727575332062995
0.9199999999999999	0.027303097661431335
0.925	0.027330134637153104
0.9299999999999999	0.027356869242523695
0.935	0.02738330636830933
0.94	0.027409450804036572
0.9450000000000001	0.027435307240359176
0.95	0.027460880271586177
0.9550000000000001	0.027486174398023172
0.96	0.02751119402822405
0.9650000000000001	0.02753594348128099
0.97	0.02756042698899727
0.9750000000000001	0.027584648697961345
0.98	0.027608612671618692
0.9850000000000001	0.027632322892317103
0.99	0.027655783263126663
0.9950000000000001	0.02767899760991904
1.	0.027701969683005232
1.0050000000000001	0.02772470315906574
1.01	0.02774720164285406
1.0150000000000001	0.02776946866885659
1.02	0.027791507702947246
1.0250000000000001	0.027813322144070337
1.03	0.027834915325677376
1.035	0.027856290517326517
1.04	0.027877450926171502
1.045	0.02789839969835235
1.05	0.027919139920354337
1.055	0.02793967462053472
1.06	0.02796000677030999
1.065	0.02798013928541856
1.07	0.028000075027357105
1.075	0.028019816804404518
1.08	0.02803936737296423
1.085	0.028058729438692167
1.09	0.028077905657493765
1.095	0.028096898636857284
1.1	0.02811571093680126
1.105	0.02813434507083319
1.11	0.028152803507209747
1.115	0.028171088669717997
1.12	0.02818920293875974
1.125	0.028207148652138348
1.1300000000000001	0.028224928106279246
1.135	0.02824254355685629
1.1400000000000001	0.028259997219716285
1.145	0.02827729127185965
1.1500000000000001	0.02829442785208708
1.155	0.028311409062047654
1.16	0.02832823696676327
1.165	0.028344913595567907
1.17	0.02836144094290293
1.175	0.0283778209688479
1.18	0.02839405560002672
1.185	0.028410146730194454
1.19	0.028426096221085533
1.195	0.028441905902793375
1.2	0.028457577574727513
1.205	0.028473113005988048
1.21	0.02848851393613719
1.215	0.02850378207580428
1.22	0.028518919107232435
1.2249999999999999	0.028533926684765114
1.23	0.02854880643564328
1.2349999999999999	0.02856355996026114
1.24	0.02857818883299381
1.2449999999999999	0.028592694602446598
1.25	0.028607078792189253
1.255	0.028621342901051314
1.26	0.028635488403877606
1.265	0.02864951675178731
1.27	0.0286634293725447
1.275	0.028677227671438696
1.28	0.028690913031184057
1.285	0.028704486812665752
1.29	0.02871795035562263
1.295	0.028731304978390847
1.3	0.028744551978917614
1.305	0.028757692634630225
1.31	0.028770728203541904
1.315	0.028783659923686703
1.32	0.028796489014421067
1.325	0.02880921667623837
1.33	0.028821844091088362
1.335	0.028834372423155348
1.34	0.028846802818440556
1.345	0.028859136406273085
1.35	0.028871374298448466
1.355	0.028883517589955526
1.3599999999999999	0.028895567359791853
1.365	0.02890752467040644
1.3699999999999999	0.028919390568666506
1.375	0.028931166085876082
1.38	0.02894285223793556
1.385	0.02895445002590813
1.39	0.028965960436176316
1.395	0.028977384440487485
1.4	0.028988722996659153
1.405	0.028999977048626745
1.41	0.029011147526078994
1.415	0.029022235346108084
1.42	0.029033241411808908
1.425	0.029044166614008427
1.43	0.029055011830369647
1.435	0.029065777925996492
1.44	0.02907646575410267
1.445	0.02908707615557994
1.45	0.029097609959323138
1.455	0.029108067982813964
1.46	0.029118451031855726
1.465	0.029128759901253836
1.47	0.029138995374586946
1.475	0.029149158224618398
1.48	0.02915924921315419
1.4849999999999999	0.029169269092066467
1.49	0.029179218602265626
1.4949999999999999	0.02918909847482363
1.5	0.02919890943091795
1.505	0.02920865218185041
1.51	0.029218327429016002
1.515	0.02922793586452078
1.52	0.02923747817141068
1.525	0.029246955022803715
1.53	0.029256367083760785
1.535	0.029265715009616552
1.54	0.02927499944776526
1.545	0.029284221035987955
1.55	0.02929338040464596
1.555	0.029302478175259487
1.56	0.029311514961334655
1.565	0.029320491368325187
1.57	0.029329407993423533
1.575	0.029338265426659745
1.58	0.0293470642500161
1.585	0.02935580503808069
1.59	0.02936448835780791
1.595	0.029373114769236364
1.6	0.029381684824385582
1.605	0.029390199069723982
1.6099999999999999	0.029398658043493252
1.615	0.029407062277417604
1.6199999999999999	0.029415412296245183
1.625	0.029423708618836704
1.63	0.029431951756986832
1.635	0.029440142215799766
1.64	0.029448280494500816
1.645	0.029456367086277933
1.65	0.0294644024778479
1.655	0.029472387149386294
1.66	0.029480321576358357
1.665	0.029488206226681156
1.67	0.029496041564859164
1.675	0.02950382804716826
1.68	0.029511566125743734
1.685	0.029519256247464522
1.69	0.02952689885264588
1.695	0.02953449437709873
1.7	0.02954204325088775
1.705	0.029549545899590003
1.71	0.029557002742813095
1.715	0.02956441419595883
1.72	0.02957178066930015
1.725	0.0295791025666516
1.73	0.029586380289697168
1.735	0.029593614233060537
1.74	0.02960080478835079
1.7449999999999999	0.029607952341444206
1.75	0.029615057274489334
1.755	0.029622119964470152
1.76	0.029629140784518414
1.765	0.02963612010307072
1.77	0.02964305828428642
1.775	0.02964995568788705
1.78	0.02965681267068215
1.785	0.029663629583410046
1.79	0.02967040677490468
1.795	0.029677144588011944
1.8	0.02968384336319647
1.805	0.02969050343574146
1.81	0.029697125138377033
1.815	0.029703708799508705
1.82	0.029710254743030403
1.825	0.029716763291081402
1.83	0.02972323476026121
1.835	0.029729669465037953
1.84	0.029736067714896404
1.845	0.029742429817505706
1.85	0.02974875607605649
1.855	0.02975504679004065
1.86	0.029761302257537307
1.865	0.029767522770847387
1.8699999999999999	0.029773708621202193
1.875	0.02977986009507784
1.88	0.029785977476497163
1.885	0.029792061046979755
1.89	0.02979811108306272
1.895	0.029804127859692383
1.9	0.029810111650060252
1.905	0.029816062722815083
1.91	0.0298219813422511
1.915	0.029827867772925853
1.92	0.029833722275394547
1.925	0.02983954510518085
1.93	0.029845336519790655
1.935	0.029851096769211338
1.94	0.02985682610357548
1.945	0.02986252476971634
1.95	0.02986819301160025
1.955	0.029873831071123392
1.96	0.02987943918728509
1.965	0.029885017596390954
1.97	0.029890566532320622
1.975	0.029896086226745472
1.98	0.029901576909562362
1.985	0.02990703880698646
1.99	0.02991247214351809
1.9949999999999999	0.02991787714234699
2.	0.029923254022180847