0.2	-0.027644597232521256
0.20500000000000002	-0.012794590790799611
0.21000000000000002	-0.009034609982434348
0.21500000000000002	-0.0073613072994447165
0.22	-0.006441688400431185
0.225	-0.0058789016215547015
0.23	-0.0055131142105050174
0.23500000000000001	-0.005267510293748209
0.24000000000000002	-0.0051005575805039725
0.245	-0.004987814871815118
0.25	-0.0049139456317229225
0.255	-0.004868828808963736
0.26	-0.00484550767339134
0.265	-0.004839037175591716
0.27	-0.00484580180330161
0.275	-0.004863094083813167
0.28	-0.004888844442052906
0.28500000000000003	-0.004921442537256935
0.29000000000000004	-0.004959615825879065
0.29500000000000004	-0.005002345013039063
0.30000000000000004	-0.005048803917861853
0.305	-0.005098315878920257
0.31	-0.005150321602115027
0.315	-0.005204355074817351
0.32	-0.0052600252640718935
0.325	-0.005317002027329908
0.33	-0.005375005135181086
0.335	-0.00543379562341664
0.34	-0.005493168909878787
0.345	-0.005552949263527932
0.35	-0.005612985320546404
0.355	-0.005673146419176439
0.36	-0.005733319580690452
0.365	-0.005793407004717201
0.37	-0.0058533239773674245
0.375	-0.005912997113216448
0.38	-0.005972362869264403
0.385	-0.006031366281987359
0.39	-0.006089959888575101
0.395	-0.006148102801169372
0.4	-0.00620575990893751
0.405	-0.006262901187546074
0.41000000000000003	-0.006319501099331688
0.41500000000000004	-0.006375538070444663
0.42000000000000004	-0.006430994033618579
0.42500000000000004	-0.006485854027137109
0.43000000000000005	-0.006540105842126737
0.43500000000000005	-0.006593739711559218
0.44	-0.006646748035397593
0.445	-0.0066991251371621855
0.45	-0.0067508670478960845
0.455	-0.006801971314109648
0.46	-0.006852436826757178
0.465	-0.006902263668712323
0.47000000000000003	-0.006951452978566678
0.47500000000000003	-0.007000006828848844
0.48000000000000004	-0.007047928117025709
0.48500000000000004	-0.007095220467842844
0.49	-0.007141888145758241
0.495	-0.007187935976362997
0.5	-0.007233369275828179
0.505	-0.007278193787522862
0.51	-0.0073224156250515935
0.515	-0.0073660412210483596
0.52	-0.007409077281133291
0.525	-0.007451530742516095
0.53	-0.007493408736767838
0.535	-0.007534718556354093
0.54	-0.007575467624555178
0.545	-0.007615663468446703
0.55	-0.0076553136946244296
0.5549999999999999	-0.007694425967434916
0.56	-0.007733007989451407
0.565	-0.007771067483978209
0.5700000000000001	-0.007808612179414836
0.575	-0.007845649795261127
0.5800000000000001	-0.007882188029660188
0.585	-0.007918234548285505
0.5900000000000001	-0.007953796974473518
0.595	-0.007988882880495353
0.6000000000000001	-0.008023499779811732
0.605	-0.008057655120271229
0.6100000000000001	-0.008091356278147735
0.615	-0.008124610552924039
0.62	-0.008157425162755704
0.625	-0.008189807240571157
0.63	-0.008221763830719243
0.635	-0.008253301886144333
0.64	-0.008284428265999393
0.645	-0.008315149733673472
0.65	-0.008345472955254125
0.655	-0.008375404498218351
0.66	-0.0084049508305547
0.665	-0.008434118320066861
0.67	-0.00846291323396618
0.675	-0.00849134173869503
0.6799999999999999	-0.008519409899922954
0.685	-0.008547123682751477
0.69	-0.008574488952055696
0.6950000000000001	-0.008601511472986897
0.7	-0.008628196911597694
0.7050000000000001	-0.008654550835582251
0.71	-0.008680578715102114
0.7150000000000001	-0.00870628592371671
0.72	-0.008731677739411862
0.7250000000000001	-0.008756759345646192
0.73	-0.008781535832472273
0.7350000000000001	-0.00880601219776961
0.74	-0.008830193348427494
0.7450000000000001	-0.008854084101613547
0.75	-0.00887768918609052
0.7550000000000001	-0.008901013243517303
0.76	-0.008924060829778637
0.7650000000000001	-0.008946836416374514
0.77	-0.00896934439176243
0.7750000000000001	-0.008991589062743527
0.78	-0.009013574655833329
0.7849999999999999	-0.009035305318624972
0.79	-0.009056785121231002
0.7949999999999999	-0.009078018057593564
0.8	-0.00909900804687783
0.8049999999999999	-0.009119758934857568
0.81	-0.009140274495244417
0.815	-0.009160558431022977
0.8200000000000001	-0.009180614375787766
0.825	-0.00920044589511554
0.8300000000000001	-0.009220056487723484
0.835	-0.009239449586981684
0.8400000000000001	-0.009258628561918985
0.845	-0.009277596718700397
0.8500000000000001	-0.00929635730171398
0.855	-0.00931491349491258
0.8600000000000001	-0.009333268422875868
0.865	-0.00935142515209886
0.8700000000000001	-0.009369386692108298
0.875	-0.009387155996593843
0.8800000000000001	-0.009404735964605738
0.885	-0.009422129441508633
0.8900000000000001	-0.009439339220231643
0.895	-0.009456368042243396
0.9000000000000001	-0.00947321859859602
0.905	-0.009489893530949296
0.9099999999999999	-0.00950639543260562
0.915	-0.009522726849469304
0.9199999999999999	-0.009538890281088602
0.925	-0.00955488818142046
0.9299999999999999	-0.009570722959983976
0.935	-0.009586396982603126
0.94	-0.009601912572384118
0.9450000000000001	-0.00961727201053007
0.95	-0.009632477537322322
0.9550000000000001	-0.009647531352808516
0.96	-0.009662435617651201
0.9650000000000001	-0.009677192453992007
0.97	-0.009691803946237835
0.9750000000000001	-0.009706272141743418
0.98	-0.00972059905174911
0.9850000000000001	-0.009734786651868657
0.99	-0.00974883688291985
0.9950000000000001	-0.009762751651794221
1.	-0.009776532831920889