0.2	0.7949253276673471
0.20500000000000002	0.3574027436007631
0.21000000000000002	0.24560455702436265
0.21500000000000002	0.19507109333956268
0.22	0.16665019127048655
0.225	0.14868770616602978
0.23	0.1364915592050378
0.23500000000000001	0.12780809658246597
0.24000000000000002	0.12141997009118341
0.245	0.1166117464704429
0.25	0.11293531000583201
0.255	0.11009561898385416
0.26	0.10789045335863691
0.265	0.10617655693353631
0.27	0.10484960106353775
0.275	0.1038318055538249
0.28	0.10306400629608686
0.28500000000000003	0.10250041065925303
0.29000000000000004	0.10210503436623249
0.29500000000000004	0.10184922233325241
0.30000000000000004	0.10170988693286319
0.305	0.10166823230210416
0.31	0.10170881487658917
0.315	0.10181884091097386
0.32	0.10198763389156977
0.325	0.10220622563229453
0.33	0.10246703868887355
0.335	0.10276363707094506
0.34	0.10309052864547559
0.345	0.10344300709475704
0.35	0.10381702445160558
0.355	0.10420908749673596
0.36	0.1046161729430193
0.365	0.10503565753327522
0.37	0.10546526006856374
0.375	0.10590299304997337
0.38	0.10634712211974594
0.385	0.10679613187053846
0.39	0.10724869688567908
0.395	0.1077036571008026
0.4	0.10815999675461072
0.405	0.10861682633570886
0.41000000000000003	0.10907336704244792
0.41500000000000004	0.10952893736013845
0.42000000000000004	0.10998294142993592
0.42500000000000004	0.11043485893993864
0.43000000000000005	0.11088423631453054
0.43500000000000005	0.11133067901496221
0.44	0.1117738447943907
0.445	0.112213437775362
0.45	0.11264920323818783
0.455	0.11308092302557278
0.46	0.11350841148294265
0.465	0.11393151186565476
0.47000000000000003	0.11435009315414582
0.47500000000000003	0.11476404722632917
0.48000000000000004	0.11517328634356885
0.48500000000000004	0.1155777409124631
0.49	0.11597735748971318
0.495	0.11637209700164071
0.5	0.11676193315358309
0.505	0.11714685100753586
0.51	0.11752684570912632
0.515	0.11790192134732114
0.52	0.11827208993228852
0.525	0.11863737047859348
0.53	0.11899778818238242
0.535	0.11935337368258786
0.54	0.11970416239728283
0.545	0.12005019392734821
0.55	0.12039151152048415
0.5549999999999999	0.12072816158938873
0.56	0.12106019327857045
0.565	0.12138765807490207
0.5700000000000001	0.12171060945751587
0.575	0.12202910258311676
0.5800000000000001	0.12234319400323121
0.585	0.1226529414102119
0.5900000000000001	0.12295840340921703
0.595	0.12325963931361424
0.6000000000000001	0.12355670896153424
0.605	0.12384967255154825
0.6100000000000001	0.12413859049562935
0.615	0.12442352328770584
0.62	0.12470453138637012
0.625	0.12498167511033423
0.63	0.12525501454547977
0.635	0.12552460946233912
0.64	0.12579051924306078
0.645	0.1260528028169235
0.65	0.12631151860364948
0.655	0.12656672446366488
0.66	0.1268184776547811
0.665	0.12706683479456707
0.67	0.12731185182794685
0.675	0.12755358399947747
0.6799999999999999	0.12779208582987112
0.685	0.12802741109637708
0.69	0.12825961281657808
0.6950000000000001	0.1284887432353592
0.7	0.12871485381464676
0.7050000000000001	0.12893799522572869
0.71	0.1291582173437999
0.7150000000000001	0.12937556924459948
0.72	0.1295900992028784
0.7250000000000001	0.12980185469251376
0.73	0.13001088238805839
0.7350000000000001	0.13021722816770087
0.74	0.13042093711728464
0.7450000000000001	0.13062205353544362
0.75	0.13082062093964764
0.7550000000000001	0.13101668207303185
0.76	0.1312102789119717
0.7650000000000001	0.13140145267428788
0.77	0.13159024382797976
0.7750000000000001	0.13177669210042176
0.78	0.1319608364880234
0.7849999999999999	0.13214271526615687
0.79	0.1323223659994018
0.7949999999999999	0.13249982555209167
0.8	0.13267513009896448
0.8049999999999999	0.132848315136017
0.81	0.1330194154914869
0.815	0.13318846533687337
0.8200000000000001	0.13335549819806558
0.825	0.13352054696650664
0.8300000000000001	0.1336836439102539
0.835	0.13384482068517664
0.8400000000000001	0.13400410834600282
0.845	0.13416153735737932
0.8500000000000001	0.1343171376047909
0.855	0.13447093840550947
0.8600000000000001	0.13462296851932862
0.865	0.13477325615921235
0.8700000000000001	0.13492182900192237
0.875	0.13506871419846714
0.8800000000000001	0.1352139383843656
0.885	0.13535752768981832
0.8900000000000001	0.13549950774976727
0.895	0.13563990371380327
0.9000000000000001	0.13577874025581796
0.905	0.13591604158370382
0.9099999999999999	0.13605183144865168
0.915	0.1361861331545006
0.9199999999999999	0.1363189695669128
0.925	0.13645036312208636
0.9299999999999999	0.13658033583588527
0.935	0.13670890931212262
0.94	0.13683610475135577
0.9450000000000001	0.13696194295890105
0.95	0.13708644435319514
0.9550000000000001	0.13720962897373762
0.96	0.13733151648882588
0.9650000000000001	0.13745212620335406
0.97	0.1375714770663391
0.9750000000000001	0.13768958767821277
0.98	0.13780647629807685
0.9850000000000001	0.13792216085088532
0.99	0.1380366589340989
0.9950000000000001	0.13814998782488197
1.	0.13826216448630277