0.2	0.1363699922024052
0.20500000000000002	0.12745058235377701
0.21000000000000002	0.12083825395250011
0.21500000000000002	0.11581044225247497
0.22	0.1119149846293597
0.225	0.10885446985429119
0.23	0.10642528390091234
0.23500000000000001	0.10448337477363986
0.24000000000000002	0.10292400032517322
0.245	0.10166921897866939
0.25	0.10065987524264428
0.255	0.09985030123368267
0.26	0.09920471700888413
0.265	0.09869472589165763
0.27	0.09829753448988512
0.275	0.09799466370109354
0.28	0.09777099940040455
0.28500000000000003	0.09761408259589825
0.29000000000000004	0.09751357129799489
0.29500000000000004	0.09746082743704147
0.30000000000000004	0.09744859613927202
0.305	0.09747075410465844
0.31	0.09752211030463664
0.315	0.09759824673011042
0.32	0.09769539010994438
0.325	0.09781030780477404
0.33	0.0979402227373044
0.335	0.09808274343481285
0.34	0.09823580615964475
0.345	0.09839762677716302
0.35	0.09856666051955373
0.355	0.09874156819175715
0.36	0.09892118766383491
0.365	0.09910450972490492
0.37	0.09929065755383314
0.375	0.09947886920333401
0.38	0.09966848260598919
0.385	0.09985892269970169
0.39	0.10004969034135602
0.395	0.10024035273480118
0.4	0.1004305351456893
0.405	0.1006199137134577
0.41000000000000003	0.10080820920159445
0.41500000000000004	0.10099518155266385
0.42000000000000004	0.10118062513546457
0.42500000000000004	0.10136436458899296
0.43000000000000005	0.10154625118227281
0.43500000000000005	0.10172615962111038
0.44	0.10190398524290221
0.445	0.10207964154905712
0.45	0.10225305803173375
0.455	0.10242417825760965
0.46	0.10259295817651932
0.465	0.10275936462713937
0.47000000000000003	0.1029233740156171
0.47500000000000003	0.10308497114620312
0.48000000000000004	0.10324414818567676
0.48500000000000004	0.10340090374568231
0.49	0.10355524206911458
0.495	0.10370717230842598
0.5	0.10385670788523171
0.505	0.10400386592189051
0.51	0.10414866673687245
0.515	0.10429113339670662
0.52	0.10443129131815759
0.525	0.10456916791503669
0.53	0.10470479228468771
0.535	0.10483819492978888
0.54	0.10496940751158727
0.545	0.10509846263113926
0.55	0.10522539363551012
0.5549999999999999	0.1053502344462377
0.56	0.10547301940764835
0.565	0.10559378315289904
0.5700000000000001	0.10571256048583813
0.575	0.10582938627698948
0.5800000000000001	0.1059442953721613
0.585	0.10605732251231467
0.5900000000000001	0.10616850226350663
0.595	0.10627786895582253
0.6000000000000001	0.10638545663033769
0.605	0.10649129899325525
0.6100000000000001	0.10659542937645461
0.615	0.10669788070374402
0.62	0.10679868546222829
0.625	0.10689787567821375
0.63	0.10699548289718112
0.635	0.10709153816735917
0.64	0.10718607202651821
0.645	0.10727911449161351
0.65	0.10737069505098636
0.655	0.10746084265878358
0.66	0.1075495857314041
0.665	0.10763695214568078
0.67	0.10772296923863324
0.675	0.10780766380857928
0.6799999999999999	0.10789106211744943
0.685	0.10797318989416328
0.69	0.1080540723389022
0.6950000000000001	0.10813373412820121
0.7	0.10821219942070891
0.7050000000000001	0.10828949186356136
0.71	0.10836563459923389
0.7150000000000001	0.10844065027284108
0.72	0.10851456103979096
0.7250000000000001	0.10858738857373296
0.73	0.10865915407473163
0.7350000000000001	0.10872987827767161
0.74	0.1087995814607612
0.7450000000000001	0.10886828345417518
0.75	0.10893600364876883
0.7550000000000001	0.10900276100481665
0.76	0.10906857406078226
0.7650000000000001	0.10913346094207951
0.77	0.10919743936979612
0.7750000000000001	0.10926052666936154
0.78	0.10932273977918062
0.7849999999999999	0.10938409525914738
0.79	0.10944460929908298
0.7949999999999999	0.10950429772709691
0.8	0.10956317601779486
0.8049999999999999	0.10962125930039199
0.81	0.10967856236669968
0.815	0.10973509967896536
0.8200000000000001	0.10979088537759564
0.825	0.1098459332887462
0.8300000000000001	0.1099002569317183
0.835	0.10995386952628294
0.8400000000000001	0.1100067839998056
0.845	0.11005901299425712
0.8500000000000001	0.11011056887304124
0.855	0.1101614637277307
0.8600000000000001	0.11021170938459836
0.865	0.11026131741101398
0.8700000000000001	0.11031029912173637
0.875	0.11035866558503919
0.8800000000000001	0.11040642762866687
0.885	0.1104535958456718
0.8900000000000001	0.11050018060012734
0.895	0.11054619203269822
0.9000000000000001	0.11059164006603062
0.905	0.11063653441010227
0.9099999999999999	0.11068088456732657
0.915	0.11072469983762832
0.9199999999999999	0.11076798932338357
0.925	0.11081076193410178
0.9299999999999999	0.11085302639124599
0.935	0.11089479123263003
0.94	0.11093606481699862
0.9450000000000001	0.11097685532821676
0.95	0.11101717077957811
0.9550000000000001	0.11105701901788673
0.96	0.11109640772740938
0.9650000000000001	0.1111353444338283
0.97	0.11117383650803657
0.9750000000000001	0.11121189116979853
0.98	0.11124951549136959
0.9850000000000001	0.11128671640105263
0.99	0.11132350068649606
0.9950000000000001	0.1113598749982108
1.	0.11139584585261587