0.2	0.12624780159772228
0.20500000000000002	0.17887758423690348
0.21000000000000002	0.21299670230279072
0.21500000000000002	0.2378118066703699
0.22	0.25682293832038544
0.225	0.2718413729156055
0.23	0.2839543392634211
0.23500000000000001	0.29387433395756785
0.24000000000000002	0.3020960439443617
0.245	0.30897719845974
0.25	0.3147843996611373
0.255	0.31972099190502107
0.26	0.3239449430837789
0.265	0.3275808116021317
0.27	0.330728031104225
0.275	0.3334668071559908
0.28	0.3358624120258809
0.28500000000000003	0.33796837404353625
0.29000000000000004	0.3398288855873255
0.29500000000000004	0.3414806472582396
0.3	0.34295429790305415
0.305	0.34427553565053126
0.31	0.3454660052437852
0.315	0.34654400645396505
0.32	0.34752506402961764
0.325	0.348422389445966
0.33	0.34924725736167367
0.335	0.35000931430648247
0.34	0.35071683313349095
0.34500000000000003	0.35137692378016594
0.35	0.3519957086187438
0.355	0.35257846894691597
0.36	0.35312976783633476
0.365	0.3536535535204869
0.37	0.35415324669260717
0.375	0.35463181444530484
0.38	0.3550918330768214
0.385	0.35553554158457756
0.39	0.3559648873424081
0.395	0.35638156519642833
0.4	0.3567870510026584
0.405	0.3571826304571287
0.41000000000000003	0.3575694239282789
0.41500000000000004	0.3579484078858148
0.42	0.35832043342491665
0.425	0.3586862423059164
0.43	0.35904648086421026
0.435	0.3594017120907726
0.44	0.35975242613821706
0.445	0.36009904946931354
0.45	0.3604419528329343
0.455	0.36078145822549884
0.46	0.36111784497328964
0.465	0.36145135505179293
0.47	0.36178219774192244
0.475	0.36211055370912726
0.48	0.3624365785795788
0.485	0.3627604060775584
0.49	0.36308215077953826
0.495	0.36340191053306775
0.5	0.36371976858222427
0.505	0.36403579543594017
0.51	0.3643500505108044
0.515	0.36466258357589265
0.52	0.3649734360236599
0.525	0.36528264198790333
0.53	0.36559022932716656
0.535	0.3658962204896717
0.54	0.3662006332738806
0.545	0.3665034814970599
0.55	0.36680477558271063
0.555	0.367104523076418
0.56	0.3674027290985222
0.5650000000000001	0.3676993967410057
0.5700000000000001	0.36799452741512134
0.5750000000000001	0.3682881211555028
0.5800000000000001	0.368580176885835
0.5850000000000001	0.3688706926505578
0.5900000000000001	0.3691596658165634
0.5950000000000001	0.36944709324838193
0.6000000000000001	0.3697329714599495
0.6050000000000001	0.370017296745695
0.6100000000000001	0.3703000652933693
0.6150000000000001	0.37058127328076057
0.62	0.37086091695819906
0.625	0.3711389927185319
0.63	0.3714154971560645
0.635	0.37169042711578915
0.64	0.3719637797340771
0.645	0.37223555247187023
0.65	0.3725057431413017
0.655	0.3727743499265575
0.66	0.37304137139970955
0.665	0.3733068065321604
0.67	0.373570654702273
0.675	0.37383291569968835
0.6799999999999999	0.3740935897267813
0.6849999999999999	0.37435267739764916
0.69	0.37461017973498606
0.695	0.37486609816515304
0.7	0.3751204345117163
0.705	0.375373190987701
0.71	0.3756243701867688
0.715	0.3758739750735123
0.72	0.3761220089730304
0.725	0.3763684755599311
0.73	0.37661337884688767
0.735	0.3768567231728656
0.74	0.377098513191112
0.745	0.3773387538569978
0.75	0.3775774504157844
0.755	0.377814608390382
0.76	0.37805023356914996
0.765	0.37828433199379413
0.77	0.37851690994739606
0.775	0.378747973942612
0.78	0.3789775307100685
0.785	0.3792055871869836
0.79	0.37943215050602885
0.7949999999999999	0.37965722798445006
0.7999999999999999	0.37988082711346305
0.8049999999999999	0.38010295554793033
0.8099999999999999	0.3803236210963287
0.815	0.38054283171101366
0.82	0.3807605954787823
0.825	0.38097692061174
0.83	0.38119181543846375
0.835	0.38140528839547394
0.84	0.381617348018997
0.845	0.38182800293703084
0.8500000000000001	0.382037261861696
0.8550000000000001	0.38224513358188034
0.8600000000000001	0.38245162695616075
0.8650000000000001	0.382656750906007
0.8700000000000001	0.3828605144092515
0.8750000000000001	0.3830629264938278
0.8800000000000001	0.3832639962317662
0.8850000000000001	0.38346373273343953
0.8900000000000001	0.38366214514205604
0.8950000000000001	0.38385924262838844
0.9000000000000001	0.3840550343857345
0.905	0.3842495296251022
0.91	0.3844427375706102
0.915	0.3846346674551009
0.92	0.38482532851595286
0.925	0.3850147299910944
0.93	0.38520288111520307
0.935	0.38538979111608807
0.9400000000000001	0.385575469211254
0.9450000000000001	0.38575992460462866
0.9500000000000001	0.3859431664834591
0.9550000000000001	0.38612520401536365
0.96	0.38630604634553695
0.965	0.3864857025941025
0.97	0.3866641818536016
0.975	0.38684149318662325
0.98	0.3870176456235604
0.985	0.3871926481604914
0.99	0.3873665097571826
0.995	0.3875392393352048
1.	0.38771084577616177
1.005	0.38788133792002183
1.01	0.38805072456355394
1.0150000000000001	0.38821901445885915
1.02	0.3883862163119965
1.0250000000000001	0.3885523387816979
1.03	0.3887173904781663
1.0350000000000001	0.38888137996196037
1.04	0.3890443157429536
1.0450000000000002	0.389206206279369
1.05	0.38936705997688864
1.0550000000000002	0.38952688518782475
1.06	0.3896856902103654
1.0650000000000002	0.3898434832878754
1.07	0.3900002726082597
1.075	0.39015606630338545
1.08	0.39031087244855417
1.085	0.3904646990620322
1.09	0.3906175541046234
1.095	0.39076944547929615
1.1	0.3909203810308492
1.105	0.3910703685456263
1.11	0.39121941575126634
1.115	0.39136753031649796
1.12	0.39151471985096387
1.125	0.3916609919050898
1.13	0.391806353969978
1.135	0.39195081347733934
1.14	0.3920943777994516
1.145	0.3922370542491493
1.15	0.3923788500798364
1.155	0.3925197724855328
1.16	0.39265982860093734
1.165	0.39279902550151685
1.17	0.39293737020362124
1.175	0.3930748696646128
1.18	0.39321153078301996
1.1849999999999998	0.39334736039870843
1.19	0.3934823652930683
1.1949999999999998	0.3936165521892211
1.2	0.39374992775224016
1.2049999999999998	0.39388249858938484
1.21	0.39401427125035315
1.2149999999999999	0.39414525222754104
1.22	0.3942754479563189
1.2249999999999999	0.39440486481532083
1.23	0.39453350912673574
1.2349999999999999	0.3946613871566205
1.2399999999999998	0.3947885051152148
1.2449999999999999	0.39491486915726537
1.2499999999999998	0.39504048538236125
1.255	0.39516535983527573
1.2599999999999998	0.3952894985063148
1.265	0.39541290733167034
1.2699999999999998	0.3955355921937832
1.275	0.39565755892171056
1.2799999999999998	0.39577881329149445
1.285	0.39589936102654205
1.29	0.3960192077980036
1.295	0.3961383592251577
1.3	0.3962568208758007
1.305	0.39637459826663607
1.31	0.39649169686366775
1.315	0.3966081220825995
1.32	0.39672387928922964
1.325	0.3968389737998536
1.33	0.3969534108816648
1.335	0.39706719575315874
1.34	0.39718033358453486
1.345	0.39729282949810424
1.3499999999999999	0.3974046885686918
1.355	0.39751591582404555
1.3599999999999999	0.3976265162452388
1.365	0.397736494767078
1.3699999999999999	0.39784585627850866
1.375	0.397954605623017
1.38	0.39806274759903837
1.385	0.39817028696036044
1.39	0.3982772284165211
1.395	0.39838357663321583
1.4	0.3984893362326947
1.4049999999999998	0.39859451179416416
1.41	0.3986991078541796
1.4149999999999998	0.39880312890704794
1.42	0.398906579405217
1.4249999999999998	0.3990094637596697
1.43	0.3991117863403155
1.4349999999999998	0.3992135514763781
1.44	0.39931476345678224
1.4449999999999998	0.3994154265305409
1.45	0.3995155449071319
1.455	0.3996151227568835
1.46	0.3997141642113507
1.465	0.3998126733636901
1.47	0.39991065426903266
1.475	0.40000811094485617
1.48	0.40010504737134955
1.485	0.4002014674917845
1.49	0.40029737521287045
1.495	0.4003927744051227
1.5	0.40048766890321147
1.5050000000000001	0.400582062506327
1.51	0.4006759589785227
1.515	0.4007693620490668
1.52	0.40086227541279335
1.525	0.4009547027304406
1.53	0.401046647628993
1.535	0.4011381137020214
1.54	0.40122910451001687
1.545	0.40131962358072293
1.55	0.4014096744094649
1.555	0.40149926045947637
1.56	0.40158838516222656
1.565	0.4016770519177347
1.5699999999999998	0.40176526409489416
1.575	0.40185302503178116
1.5799999999999998	0.40194033803597623
1.585	0.4020272063848624
1.5899999999999999	0.40211363332594136
1.595	0.4021996220771314
1.5999999999999999	0.40228517582706863
1.605	0.40237029773540806
1.6099999999999999	0.4024549909331153
1.615	0.40253925852276085
1.6199999999999999	0.4026231035788063
1.6249999999999998	0.40270652914789623
1.63	0.4027895382491364
1.6349999999999998	0.4028721338743773
1.64	0.4029543189884929
1.6449999999999998	0.403036096529656
1.65	0.40311746940960785
1.6549999999999998	0.4031984405139305
1.66	0.4032790127023147
1.6649999999999998	0.4033591888088221
1.67	0.4034389716421501
1.675	0.4035183639858868
1.68	0.40359736859877055
1.685	0.40367598821494477
1.69	0.40375422554420104
1.695	0.4038320832722414
1.7	0.4039095640609099
1.705	0.4039866705484498
1.71	0.40406340534972995
1.715	0.40413977105649623
1.72	0.4042157702376
1.725	0.4042914054392335
1.73	0.4043666791851595
1.7349999999999999	0.4044415939769406
1.74	0.4045161522941673
1.7449999999999999	0.4045903565946793
1.75	0.4046642093147855
1.755	0.40473771286948645
1.76	0.40481086965268887
1.765	0.4048836820374189
1.77	0.4049561523760358
1.775	0.40502828300044186
1.78	0.405100076222288
1.785	0.40517153433318004
1.7899999999999998	0.405242659604883
1.795	0.4053134542895173
1.7999999999999998	0.40538392061976253
1.805	0.4054540608090544
1.8099999999999998	0.4055238770517699
1.815	0.4055933715234332
1.8199999999999998	0.4056625463808931
1.825	0.40573140376252115
1.8299999999999998	0.40579994578839007
1.835	0.40586817456046126
1.84	0.40593609216276844
1.845	0.4060037006615954
1.85	0.40607100210564945
1.855	0.40613799852624977
1.86	0.4062046919374894
1.865	0.4062710843364128
1.87	0.40633717770318695
1.875	0.40640297400126885
1.8800000000000001	0.406468475177569
1.885	0.40653368316262445
1.8900000000000001	0.40659859987075153
1.895	0.4066632272002159
1.9	0.4067275670333871
1.905	0.40679162123689727
1.91	0.4068553916617987
1.915	0.40691888014371613
1.92	0.40698208850300077
1.925	0.4070450185448813
1.93	0.4071076720596128
1.935	0.4071700508226214
1.94	0.4072321565946592
1.945	0.4072939911219368
1.95	0.40735555613627633
1.9549999999999998	0.4074168533552466
1.96	0.40747788448230643
1.9649999999999999	0.4075386512069392
1.97	0.4075991552047952
1.9749999999999999	0.4076593981378204
1.98	0.407719381654395
1.9849999999999999	0.40777910738946216
1.99	0.40783857696466513
1.9949999999999999	0.4078977919884677
2.	0.4079567540562876