0.2	0.037560709309053114
0.20500000000000002	0.06600235541674622
0.21000000000000002	0.0824112522086449
0.21500000000000002	0.09387474285655407
0.22	0.10244422234891414
0.225	0.10908391767921187
0.23	0.11434427431480748
0.23500000000000001	0.11857525483971902
0.24000000000000002	0.12201508006335383
0.245	0.12483369806415393
0.25	0.12715655771432538
0.255	0.12907868634909933
0.26	0.1306735405569987
0.265	0.13199883608647553
0.27	0.1331005331167593
0.275	0.1340156439651859
0.28	0.13477426109510926
0.28500000000000003	0.13540105287813028
0.29000000000000004	0.1359163865482747
0.29500000000000004	0.13633718421552626
0.30000000000000004	0.13667758408063166
0.305	0.13694945712969098
0.31	0.13716281504588312
0.315	0.137326135184015
0.32	0.1374466215891248
0.325	0.13753041619126372
0.33	0.13758277082822
0.335	0.13760818821399384
0.34	0.13761053810194399
0.345	0.1375931534968953
0.35	0.13755891071861756
0.355	0.1375102963179306
0.36	0.13744946323102916
0.365	0.13737827808057687
0.37	0.1372983611596701
0.375	0.13721112034192284
0.38	0.13711777992915997
0.385	0.13701940526364745
0.39	0.1369169237840039
0.395	0.13681114308494371
0.4	0.13670276644473142
0.405	0.13659240620595647
0.41000000000000003	0.13648059533132892
0.41500000000000004	0.13636779740379223
0.42000000000000004	0.13625441529710855
0.42500000000000004	0.13614079870742285
0.43000000000000005	0.13602725070675267
0.43500000000000005	0.13591403345474942
0.44	0.13580137318454794
0.445	0.135689464561325
0.45	0.135578474497752
0.455	0.13546854549836626
0.46	0.1353597985946212
0.465	0.13525233592368158
0.47000000000000003	0.13514624299665753
0.47500000000000003	0.13504159069569355
0.48000000000000004	0.1349384370339836
0.48500000000000004	0.1348368287082091
0.49	0.13473680246898667
0.495	0.13463838633155387
0.5	0.13454160064603446
0.505	0.13444645904414207
0.51	0.13435296927703305
0.515	0.1342611339571698
0.52	0.1341709512154484
0.525	0.13408241528345555
0.53	0.13399551700950998
0.535	0.13391024431609264
0.54	0.13382658260535582
0.545	0.13374451511860136
0.55	0.1336640232549206
0.5549999999999999	0.13358508685358003
0.56	0.13350768444420016
0.565	0.1334317934683084
0.5700000000000001	0.1333573904754342
0.575	0.13328445129655273
0.5800000000000001	0.13321295119736748
0.585	0.13314286501363926
0.5900000000000001	0.1330741672705221
0.595	0.1330068322876512
0.6000000000000001	0.13294083427153106
0.605	0.13287614739660508
0.6100000000000001	0.13281274587623437
0.615	0.1327506040246816
0.62	0.13268969631107477
0.625	0.1326299974062235
0.63	0.13257148222306406
0.635	0.13251412595142822
0.64	0.13245790408775518
0.645	0.13240279246030165
0.65	0.13234876725034558
0.655	0.13229580500982663
0.66	0.13224388267581982
0.665	0.13219297758219775
0.67	0.13214306746879897
0.675	0.13209413048838572
0.6799999999999999	0.13204614521164762
0.685	0.13199909063047785
0.69	0.13195294615972594
0.6950000000000001	0.13190769163761135
0.7	0.13186330732495946
0.7050000000000001	0.13181977390340843
0.71	0.1317770724727167
0.7150000000000001	0.13173518454728944
0.72	0.1316940920520281
0.7250000000000001	0.13165377731759803
0.73	0.13161422307519682
0.7350000000000001	0.13157541245089924
0.74	0.13153732895964532
0.7450000000000001	0.13149995649893204
0.75	0.1314632793422598
0.7550000000000001	0.1314272821323843
0.76	0.13139194987441208
0.7650000000000001	0.131357267928781
0.77	0.1313232220041562
0.7750000000000001	0.13128979815027164
0.78	0.1312569827507433
0.7849999999999999	0.13122476251587814
0.79	0.13119312447549578
0.7949999999999999	0.13116205597178468
0.8	0.13113154465220472
0.8049999999999999	0.13110157846245174
0.81	0.1310721456394949
0.815	0.1310432347046969
0.8200000000000001	0.13101483445702664
0.825	0.13098693396636918
0.8300000000000001	0.13095952256694315
0.835	0.1309325898508262
0.8400000000000001	0.13090612566159618
0.845	0.1308801200880904
0.8500000000000001	0.13085456345828447
0.855	0.1308294463332949
0.8600000000000001	0.13080475950150475
0.865	0.1307804939728148
0.8700000000000001	0.1307566409730198
0.875	0.13073319193831068
0.8800000000000001	0.13071013850990218
0.885	0.1306874725287832
0.8900000000000001	0.13066518603059382
0.895	0.13064327124062283
0.9000000000000001	0.13062172056892718
0.905	0.13060052660557134
0.9099999999999999	0.1305796821159854
0.915	0.13055918003643865
0.9199999999999999	0.13053901346962823
0.925	0.13051917568038046
0.9299999999999999	0.13049966009146283
0.935	0.13048046027950322
0.94	0.13046156997101788
0.9450000000000001	0.13044298303854124
0.95	0.13042469349685828
0.9550000000000001	0.13040669549933726
0.96	0.13038898333435922
0.9650000000000001	0.1303715514218425
0.97	0.13035439430986132
0.9750000000000001	0.13033750667135355
0.98	0.1303208833009188
0.9850000000000001	0.13030451911170116
0.99	0.13028840913235687
0.9950000000000001	0.13027254850410508
1.	0.13025693247785666
1.0050000000000001	0.13024155641142238
1.01	0.13022641576679614
1.0150000000000001	0.1302115061075129
1.02	0.1301968230960774
1.0250000000000001	0.13018236249146417
1.03	0.13016812014668364
1.035	0.13015409200641737
1.04	0.13014027410471504
1.045	0.1301266625627556
1.05	0.13011325358666823
1.055	0.13010004346541465
1.06	0.13008702856872628
1.065	0.1300742053450995
1.07	0.13006157031984447
1.075	0.13004912009318675
1.08	0.13003685133842124
1.085	0.13002476080011513
1.09	0.13001284529235882
1.095	0.13000110169706738
1.1	0.12998952696232283
1.105	0.1299781181007658
1.11	0.1299668721880263
1.115	0.12995578636120067
1.12	0.12994485781736562
1.125	0.12993408381213495
1.1300000000000001	0.1299234616582526
1.135	0.1299129887242244
1.1400000000000001	0.129902662432987
1.145	0.12989248026061023
1.1500000000000001	0.1298824397350342
1.155	0.1298725384348426
1.16	0.1298627739880643
1.165	0.12985314407100912
1.17	0.12984364640713358
1.175	0.12983427876593692
1.18	0.12982503896188444
1.185	0.1298159248533612
1.19	0.12980693434165141
1.195	0.1297980653699449
1.2	0.12978931592236848
1.205	0.12978068402304507
1.21	0.1297721677351739
1.215	0.12976376516013566
1.22	0.1297554744366221
1.2249999999999999	0.12974729373978586
1.23	0.1297392212804121
1.2349999999999999	0.12973125530411464
1.24	0.12972339409054645
1.2449999999999999	0.12971563595263683
1.25	0.1297079792358434
1.255	0.129700422317424
1.26	0.12969296360572957
1.265	0.12968560153951014
1.27	0.12967833458724173
1.275	0.12967116124647016
1.28	0.12966408004316773
1.285	0.12965708953111177
1.29	0.12965018829127187
1.295	0.12964337493121816
1.3	0.1296366480845399
1.305	0.12963000641028183
1.31	0.12962344859239178
1.315	0.12961697333918293
1.32	0.1296105793828089
1.325	0.12960426547875303
1.33	0.12959803040532655
1.335	0.1295918729631846
1.34	0.12958579197484696
1.345	0.12957978628423694
1.35	0.12957385475622665
1.355	0.12956799627619592
1.3599999999999999	0.12956220974960067
1.365	0.12955649410155107
1.3699999999999999	0.12955084827640168
1.375	0.12954527123734796
1.38	0.12953976196603795
1.385	0.12953431946218583
1.39	0.12952894274320043
1.395	0.12952363084382046
1.4	0.12951838281575737
1.405	0.1295131977273481
1.41	0.12950807466321446
1.415	0.12950301272393297
1.42	0.12949801102570785
1.425	0.129493068700057
1.43	0.1294881848935011
1.435	0.12948335876726125
1.44	0.1294785894969646
1.445	0.12947387627235488
1.45	0.12946921829700994
1.455	0.12946461478806762
1.46	0.12946006497595447
1.465	0.12945556810412492
1.47	0.12945112342880147
1.475	0.12944673021872402
1.48	0.12944238775490513
1.4849999999999999	0.12943809533038783
1.49	0.1294338522500123
1.4949999999999999	0.12942965783018426
1.5	0.12942551139865144
1.505	0.12942141229428442
1.51	0.1294173598668608
1.515	0.12941335347685384
1.52	0.12940939249523087
1.525	0.12940547630324797
1.53	0.12940160429225656
1.535	0.12939777586350815
1.54	0.12939399042796962
1.545	0.1293902474061363
1.55	0.12938654622785348
1.555	0.12938288633213826
1.56	0.1293792671670116
1.565	0.12937568818932368
1.57	0.1293721488645929
1.575	0.1293686486668431
1.58	0.1293651870784456
1.585	0.12936176358996462
1.59	0.1293583777000041
1.595	0.12935502891506254
1.6	0.1293517167493845
1.605	0.12934844072482135
1.6099999999999999	0.1293452003706904
1.615	0.129341995223639
1.6199999999999999	0.12933882482751077
1.625	0.1293356887332163
1.63	0.12933258649860402
1.635	0.12932951768833595
1.64	0.1293264818737633
1.645	0.12932347863280833
1.65	0.12932050754984573
1.655	0.12931756821558663
1.66	0.12931466022696733
1.665	0.12931178318703662
1.67	0.1293089367048507
1.675	0.12930612039536238
1.68	0.12930333387932158
1.685	0.12930057678317053
1.69	0.12929784873894432
1.695	0.12929514938417463
1.7	0.1292924783617909
1.705	0.12928983532002977
1.71	0.12928721991234082
1.715	0.12928463179729624
1.72	0.12928207063850275
1.725	0.1292795361045159
1.73	0.12927702786875253
1.735	0.12927454560940954
1.74	0.12927208900938222
1.7449999999999999	0.12926965775618263
1.75	0.129267251541861
1.755	0.12926487006293114
1.76	0.12926251302029232
1.765	0.12926018011915508
1.77	0.1292578710689727
1.775	0.12925558558336206
1.78	0.12925332338004308
1.785	0.12925108418076245
1.79	0.12924886771123176
1.795	0.12924667370105825
1.8	0.12924450188368045
1.805	0.12924235199630738
1.81	0.12924022377985303
1.815	0.1292381169788767
1.82	0.12923603134152456
1.825	0.12923396661946743
1.83	0.12923192256784638
1.835	0.1292298989452139
1.84	0.12922789551347824
1.845	0.12922591203785302
1.85	0.12922394828679662
1.855	0.12922200403196715
1.86	0.12922007904816493
1.865	0.12921817311328532
1.8699999999999999	0.1292162860082673
1.875	0.12921441751704663
1.88	0.12921256742650528
1.885	0.1292107355264275
1.89	0.129208921609452
1.895	0.12920712547102528
1.9	0.1292053469093607
1.905	0.12920358572539334
1.91	0.12920184172273474
1.915	0.1292001147076328
1.92	0.12919840448893286
1.925	0.12919671087803244
1.93	0.12919503368884486
1.935	0.12919337273775688
1.94	0.12919172784359562
1.945	0.12919009882758414
1.95	0.12918848551331003
1.955	0.12918688772668438
1.96	0.12918530529590977
1.965	0.12918373805144234
1.97	0.1291821858259604
1.975	0.12918064845432548
1.98	0.12917912577355536
1.985	0.12917761762278487
1.99	0.12917612384323773
1.9949999999999999	0.12917464427819525
2.	0.12917317877296255