0.2	0.018498408573761758
0.20500000000000002	0.017725518930771008
0.21000000000000002	0.017200399924999124
0.21500000000000002	0.016846058120658203
0.22	0.016613902040923386
0.225	0.016471721625461583
0.23	0.01639730312550452
0.23500000000000001	0.016374819858494625
0.24000000000000002	0.016392685475864647
0.245	0.016442221604721693
0.25	0.01651680046812198
0.255	0.016611275681105188
0.26	0.016721593940660112
0.265	0.01684452369118574
0.27	0.016977461440624526
0.275	0.017118290838556757
0.28	0.017265278362510333
0.28500000000000003	0.017416994888806773
0.29000000000000004	0.01757225588257834
0.29500000000000004	0.017730075192761405
0.30000000000000004	0.01788962893257724
0.305	0.01805022693654427
0.31	0.018211289979672505
0.315	0.018372331429276554
0.32	0.01853294234300159
0.325	0.018692779272763096
0.33	0.018851554212981445
0.335	0.01900902626270397
0.34	0.019164994668612233
0.345	0.019319292988945993
0.35	0.019471784173670667
0.355	0.019622356398455422
0.36	0.019770919522575186
0.365	0.019917402066138668
0.37	0.02006174862183333
0.375	0.02020391763199641
0.38	0.020343879474216866
0.385	0.02048161480858948
0.39	0.020617113147722563
0.395	0.020750371617057915
0.4	0.020881393878323024
0.405	0.021010189193244835
0.41000000000000003	0.021136771608196013
0.41500000000000004	0.021261159243379787
0.42000000000000004	0.02138337367259617
0.42500000000000004	0.021503439381667228
0.43000000000000005	0.021621383295306145
0.43500000000000005	0.021737234363645896
0.44	0.02185102320086658
0.445	0.021962781769376615
0.45	0.02207254310389028
0.455	0.022180341070481988
0.46	0.02228621015634482
0.465	0.02239018528652186
0.47000000000000003	0.022492301664361992
0.47500000000000003	0.02259259463284914
0.48000000000000004	0.022691099554315537
0.48500000000000004	0.022787851706349338
0.49	0.02288288619197656
0.495	0.02297623786242779
0.5	0.02306794125100264
0.505	0.02315803051671724
0.51	0.023246539396581497
0.515	0.023333501165481805
0.52	0.02341894860276509
0.525	0.023502913964731992
0.53	0.023585428962319036
0.535	0.023666524743359008
0.54	0.023746231878854492
0.545	0.02382458035277678
0.55	0.02390159955495093
0.5549999999999999	0.023977318276647796
0.56	0.024051764708530144
0.565	0.024124966440657362
0.5700000000000001	0.02419695046427361
0.575	0.02426774317513738
0.5800000000000001	0.024337370378192624
0.585	0.024405857293374068
0.5900000000000001	0.024473228562397687
0.595	0.02453950825637752
0.6000000000000001	0.024604719884136723
0.605	0.024668886401104536
0.6100000000000001	0.024732030218696594
0.615	0.024794173214070826
0.62	0.024855336740206305
0.625	0.02491554163620474
0.63	0.024974808237783537
0.635	0.02503315638787552
0.64	0.025090605447309452
0.645	0.025147174305511725
0.65	0.025202881391224095
0.655	0.025257744683149876
0.66	0.025311781720569086
0.665	0.02536500961383883
0.67	0.025417445054798517
0.675	0.025469104327039332
0.6799999999999999	0.02552000331603232
0.685	0.025570157519112284
0.69	0.025619582055275685
0.6950000000000001	0.025668291674827294
0.7	0.025716300768825005
0.7050000000000001	0.025763623378360842
0.71	0.025810273203623904
0.7150000000000001	0.025856263612791006
0.72	0.02590160765071633
0.7250000000000001	0.025946318047423637
0.73	0.02599040722638331
0.7350000000000001	0.02603388731263581
0.74	0.026076770140666183
0.7450000000000001	0.02611906726211779
0.75	0.026160789953307586
0.7550000000000001	0.026201949222535416
0.76	0.02624255581721791
0.7650000000000001	0.02628262023083754
0.77	0.026322152709701344
0.7750000000000001	0.02636116325951347
0.78	0.026399661651799224
0.7849999999999999	0.02643765743011921
0.79	0.026475159916126388
0.7949999999999999	0.02651217821548458
0.8	0.026548721223583184
0.8049999999999999	0.026584797631114772
0.81	0.026620415929501973
0.815	0.026655584416152203
0.8200000000000001	0.0266903111995884
0.825	0.026724604204439905
0.8300000000000001	0.02675847117624131
0.835	0.02679191968617004
0.8400000000000001	0.026824957135593484
0.845	0.026857590760522562
0.8500000000000001	0.026889827635902645
0.855	0.026921674679836822
0.8600000000000001	0.026953138657633758
0.865	0.02698422618575038
0.8700000000000001	0.02701494373566378
0.875	0.027045297637610745
0.8800000000000001	0.027075294084194124
0.885	0.02710493913390766
0.8900000000000001	0.027134238714575036
0.895	0.02716319862668815
0.9000000000000001	0.02719182454660362
0.905	0.027220122029739134
0.9099999999999999	0.027248096513569492
0.915	0.027275753320629943
0.9199999999999999	0.027303097661431335
0.925	0.027330134637153104
0.9299999999999999	0.027356869242523695
0.935	0.02738330636830933
0.94	0.027409450804036548
0.9450000000000001	0.027435307240359186
0.95	0.027460880271586177
0.9550000000000001	0.027486174398023172
0.96	0.027511194028224027
0.9650000000000001	0.02753594348128096
0.97	0.02756042698899727
0.9750000000000001	0.027584648697961345
0.98	0.027608612671618717
0.9850000000000001	0.02763232289231706
0.99	0.027655783263126656
0.9950000000000001	0.02767899760991904
1.	0.027701969683005232
1.0050000000000001	0.027724703159065747
1.01	0.027747201642854047
1.0150000000000001	0.027769468668856566
1.02	0.027791507702947266
1.0250000000000001	0.02781332214407031
1.03	0.027834915325677376
1.035	0.027856290517326503
1.04	0.02787745092617146
1.045	0.027898399698352394
1.05	0.027919139920354337
1.055	0.02793967462053468
1.06	0.027960006770310006
1.065	0.02798013928541856
1.07	0.028000075027357088
1.075	0.028019816804404518
1.08	0.028039367372964256
1.085	0.028058729438692167
1.09	0.028077905657493792
1.095	0.028096898636857305
1.1	0.02811571093680128
1.105	0.02813434507083324
1.11	0.028152803507209726
1.115	0.028171088669717997
1.12	0.02818920293875976
1.125	0.028207148652138327
1.1300000000000001	0.0282249281062793
1.135	0.02824254355685629
1.1400000000000001	0.02825999721971632
1.145	0.028277291271859677
1.1500000000000001	0.028294427852087106
1.155	0.02831140906204766
1.16	0.02832823696676327
1.165	0.028344913595567928
1.17	0.02836144094290293
1.175	0.0283778209688479
1.18	0.028394055600026773
1.185	0.02841014673019448
1.19	0.028426096221085533
1.195	0.028441905902793375
1.2	0.028457577574727545
1.205	0.028473113005988055
1.21	0.02848851393613722
1.215	0.02850378207580428
1.22	0.028518919107232404
1.2249999999999999	0.028533926684765173
1.23	0.028548806435643295
1.2349999999999999	0.02856355996026114
1.24	0.028578188832993866
1.2449999999999999	0.028592694602446598
1.25	0.028607078792189253
1.255	0.02862134290105137
1.26	0.028635488403877606
1.265	0.028649516751787365
1.27	0.0286634293725447
1.275	0.028677227671438727
1.28	0.028690913031184057
1.285	0.028704486812665783
1.29	0.028717950355622635
1.295	0.028731304978390847
1.3	0.028744551978917676
1.305	0.028757692634630256
1.31	0.02877072820354194
1.315	0.028783659923686738
1.32	0.028796489014421067
1.325	0.0288092166762384
1.33	0.028821844091088403
1.335	0.028834372423155414
1.34	0.028846802818440556
1.345	0.02885913640627311
1.35	0.028871374298448483
1.355	0.028883517589955558
1.3599999999999999	0.0288955673597919
1.365	0.028907524670406495
1.3699999999999999	0.02891939056866656
1.375	0.028931166085876123
1.38	0.02894285223793562
1.385	0.02895445002590815
1.39	0.02896596043617637
1.395	0.028977384440487485
1.4	0.02898872299665919
1.405	0.028999977048626745
1.41	0.029011147526079046
1.415	0.029022235346108084
1.42	0.02903324141180895
1.425	0.029044166614008427
1.43	0.029055011830369647
1.435	0.02906577792599652
1.44	0.029076465754102696
1.445	0.02908707615558001
1.45	0.029097609959323204
1.455	0.029108067982814092
1.46	0.029118451031855713
1.465	0.02912875990125391
1.47	0.029138995374586984
1.475	0.0291491582246185
1.48	0.02915924921315424
1.4849999999999999	0.029169269092066553
1.49	0.029179218602265692
1.4949999999999999	0.02918909847482363
1.5	0.029198909430917963
1.505	0.029208652181850436
1.51	0.029218327429016082
1.515	0.02922793586452078
1.52	0.029237478171410754
1.525	0.029246955022803757
1.53	0.029256367083760903
1.535	0.02926571500961669
1.54	0.029274999447765297
1.545	0.029284221035987993
1.55	0.02929338040464596
1.555	0.029302478175259532
1.56	0.029311514961334696
1.565	0.029320491368325187
1.57	0.029329407993423533
1.575	0.029338265426659824
1.58	0.02934706425001614
1.585	0.02935580503808073
1.59	0.02936448835780795
1.595	0.029373114769236403
1.6	0.02938168482438565
1.605	0.029390199069724048
1.6099999999999999	0.029398658043493304
1.615	0.029407062277417698
1.6199999999999999	0.029415412296245207
1.625	0.029423708618836742
1.63	0.029431951756986877
1.635	0.029440142215799766
1.64	0.029448280494500816
1.645	0.029456367086278003
1.65	0.029464402477847856
1.655	0.029472387149386343
1.66	0.029480321576358402
1.665	0.029488206226681152
1.67	0.029496041564859295
1.675	0.02950382804716826
1.68	0.029511566125743825
1.685	0.02951925624746457
1.69	0.02952689885264594
1.695	0.029534494377098666
1.7	0.029542043250887728
1.705	0.02954954589959005
1.71	0.029557002742813043
1.715	0.029564414195958785
1.72	0.029571780669300194
1.725	0.0295791025666516
1.73	0.029586380289697185
1.735	0.029593614233060537
1.74	0.02960080478835079
1.7449999999999999	0.02960795234144425
1.75	0.029615057274489428
1.755	0.029622119964470107
1.76	0.029629140784518414
1.765	0.02963612010307072
1.77	0.02964305828428651
1.775	0.029649955687887197
1.78	0.029656812670682257
1.785	0.02966362958341015
1.79	0.02967040677490478
1.795	0.029677144588012024
1.8	0.029683843363196575
1.805	0.02969050343574151
1.81	0.02969712513837714
1.815	0.029703708799508777
1.82	0.029710254743030344
1.825	0.02971676329108131
1.83	0.02972323476026126
1.835	0.029729669465037953
1.84	0.029736067714896355
1.845	0.029742429817505654
1.85	0.029748756076056433
1.855	0.029755046790040703
1.86	0.02976130225753736
1.865	0.029767522770847446
1.8699999999999999	0.029773708621202252
1.875	0.029779860095077878
1.88	0.029785977476497204
1.885	0.029792061046979755
1.89	0.02979811108306282
1.895	0.029804127859692442
1.9	0.0298101116500603
1.905	0.02981606272281521
1.91	0.029821981342250992
1.915	0.02982786777292574
1.92	0.029833722275394582
1.925	0.029839545105180897
1.93	0.029845336519790558
1.935	0.029851096769211286
1.94	0.029856826103575533
1.945	0.02986252476971634
1.95	0.029868193011600198
1.955	0.029873831071123392
1.96	0.02987943918728515
1.965	0.029885017596390954
1.97	0.02989056653232068
1.975	0.029896086226745586
1.98	0.02990157690956247
1.985	0.02990703880698646
1.99	0.029912472143518037
1.9949999999999999	0.029917877142346935
2.	0.02992325402218091