0.2	0.37534329586220894
0.20500000000000002	0.24788953357526705
0.21000000000000002	0.202510030397789
0.21500000000000002	0.17795031496825486
0.22	0.16225349971554195
0.225	0.15125957304721882
0.23	0.14309635401845341
0.23500000000000001	0.13678315093410193
0.24000000000000002	0.1317514232859286
0.245	0.12764663935499676
0.25	0.1242352046104934
0.255	0.12135643048727099
0.26	0.11889588305888504
0.265	0.11676971595654888
0.27	0.1149150158666171
0.275	0.11328361494599239
0.28	0.11183799122920488
0.28500000000000003	0.11054847393736462
0.29000000000000004	0.10939129067956127
0.29500000000000004	0.10834717308914718
0.30000000000000004	0.10740034200568836
0.305	0.10653775624306157
0.31	0.10574854796829751
0.315	0.10502359249628178
0.32	0.10435517642514895
0.325	0.1037367387435262
0.33	0.10316266678697202
0.335	0.10262813391019397
0.34	0.10212896923122677
0.345	0.10166155227989951
0.35	0.10122272716342705
0.355	0.10080973215807817
0.36	0.10042014159017473
0.365	0.10005181757978986
0.37	0.09970286975415461
0.375	0.09937162144252565
0.38	0.09905658117390363
0.385	0.09875641853779933
0.39	0.09846994365382893
0.395	0.09819608964118415
0.4	0.09793389759349042
0.405	0.09768250365535555
0.41000000000000003	0.09744112786934168
0.41500000000000004	0.09720906452022113
0.42000000000000004	0.09698567375027006
0.42500000000000004	0.09677037425738823
0.43000000000000005	0.0965626369188215
0.43500000000000005	0.09636197920864051
0.44	0.09616796029799773
0.445	0.09598017674441355
0.45	0.0957982586906367
0.455	0.09562186650551063
0.46	0.09545068780922142
0.465	0.09528443483362298
0.47000000000000003	0.09512284207535157
0.47500000000000003	0.0949656642053457
0.48000000000000004	0.09481267420339891
0.48500000000000004	0.09466366169061664
0.49	0.09451843143626971
0.495	0.09437680201862217
0.5	0.09423860462195982
0.505	0.09410368195430442
0.51	0.09397188727226075
0.515	0.09384308350111877
0.52	0.09371714243978688
0.525	0.09359394404139995
0.53	0.09347337576151782
0.535	0.09335533196681003
0.54	0.09323971339792256
0.545	0.09312642668095689
0.55	0.09301538388262606
0.5549999999999999	0.09290650210470237
0.56	0.0927997031138521
0.565	0.0926949130033916
0.5700000000000001	0.09259206188386299
0.575	0.09249108359966293
0.5800000000000001	0.09239191546926206
0.585	0.09229449804678601
0.5900000000000001	0.0921987749029885
0.595	0.09210469242382859
0.6000000000000001	0.09201219962504666
0.605	0.0919212479813124
0.6100000000000001	0.09183179126864259
0.615	0.09174378541891028
0.62	0.0916571883854096
0.625	0.09157196001850049
0.63	0.09148806195049597
0.635	0.09140545748898715
0.64	0.09132411151791645
0.645	0.09124399040573909
0.65	0.09116506192012548
0.655	0.09108729514861415
0.66	0.09101066042480695
0.665	0.09093512925960169
0.67	0.09086067427710608
0.675	0.09078726915484706
0.6799999999999999	0.09071488856794582
0.685	0.09064350813696907
0.69	0.09057310437914572
0.6950000000000001	0.09050365466273423
0.7	0.09043513716426915
0.7050000000000001	0.0903675308285124
0.71	0.0903008153308647
0.7150000000000001	0.09023497104210532
0.72	0.09016997899526799
0.7250000000000001	0.09010582085450655
0.73	0.09004247888578944
0.7350000000000001	0.0899799359293636
0.74	0.08991817537376014
0.7450000000000001	0.08985718113133155
0.75	0.08979693761517325
0.7550000000000001	0.08973742971732299
0.76	0.08967864278819274
0.7650000000000001	0.08962056261712534
0.77	0.08956317541400409
0.7750000000000001	0.08950646779184486
0.78	0.08945042675034313
0.7849999999999999	0.0893950396602456
0.79	0.08934029424854982
0.7949999999999999	0.08928617858449592
0.8	0.08923268106622362
0.8049999999999999	0.08917979040812983
0.81	0.08912749562885207
0.815	0.08907578603982898
0.8200000000000001	0.08902465123443845
0.825	0.08897408107767006
0.8300000000000001	0.0889240656962228
0.835	0.08887459546916318
0.8400000000000001	0.08882566101895119
0.845	0.0887772532029177
0.8500000000000001	0.08872936310509534
0.855	0.08868198202847792
0.8600000000000001	0.08863510148756015
0.865	0.08858871320122394
0.8700000000000001	0.08854280908598001
0.875	0.08849738124947676
0.8800000000000001	0.08845242198425758
0.885	0.08840792376180824
0.8900000000000001	0.08836387922687068
0.895	0.08832028119198708
0.9000000000000001	0.08827712263221386
0.905	0.08823439668016524
0.9099999999999999	0.08819209662111416
0.915	0.08815021588840621
0.9199999999999999	0.08810874805904971
0.925	0.0880676868493127
0.9299999999999999	0.08802702611079824
0.935	0.08798675982631048
0.94	0.08794688210622922
0.9450000000000001	0.08790738718469635
0.95	0.0878682694162076
0.9550000000000001	0.08782952327220202
0.96	0.08779114333773486
0.9650000000000001	0.08775312430840207
0.97	0.08771546098730597
0.9750000000000001	0.0876781482820831
0.98	0.08764118120210186
0.9850000000000001	0.08760455485579972
0.99	0.08756826444790439
0.9950000000000001	0.08753230527712219
1.	0.08749667273344522
1.0050000000000001	0.08746136229595339
1.01	0.08742636953048204
1.0150000000000001	0.08739169008736589
1.02	0.08735731969930736
1.0250000000000001	0.08732325417940603
1.03	0.08728948941900277
1.035	0.08725602138583774
1.04	0.08722284612219106
1.045	0.08718995974300292
1.05	0.08715735843406479
1.055	0.08712503845050719
1.06	0.08709299611498149
1.065	0.08706122781601829
1.07	0.08702973000668725
1.075	0.0869984992028476
1.08	0.08696753198186474
1.085	0.08693682498114964
1.09	0.08690637489661511
1.095	0.0868761784816192
1.1	0.08684623254551736
1.105	0.08681653395228346
1.11	0.08678707961958693
1.115	0.08675786651733562
1.12	0.08672889166666693
1.125	0.08670015213862345
1.1300000000000001	0.08667164505343329
1.135	0.08664336757911431
1.1400000000000001	0.08661531693049769
1.145	0.08658749036838428
1.1500000000000001	0.08655988519833496
1.155	0.0865324987700144
1.16	0.08650532847593291
1.165	0.08647837175075697
1.17	0.08645162607047768
1.175	0.08642508895130867
1.18	0.08639875794908768
1.185	0.08637263065832951
1.19	0.086346704711639
1.195	0.0863209777785894
1.2	0.08629544756535207
1.205	0.08627011181364991
1.21	0.0862449683002261
1.215	0.08622001483615527
1.22	0.08619524926611542
1.2249999999999999	0.0861706694676091
1.23	0.086146273350626
1.2349999999999999	0.08612205885663216
1.24	0.08609802395833169
1.2449999999999999	0.0860741666587268
1.25	0.08605048499080377
1.255	0.08602697701672057
1.26	0.08600364082757571
1.265	0.08598047454259555
1.27	0.08595747630848775
1.275	0.08593464429945365
1.28	0.08591197671600435
1.285	0.08588947178484768
1.29	0.085867127758743
1.295	0.08584494291517535
1.3	0.08582291555666785
1.305	0.08580104400965918
1.31	0.08577932662497806
1.315	0.0857577617762119
1.32	0.08573634786047642
1.325	0.08571508329729968
1.33	0.08569396652817883
1.335	0.08567299601673634
1.34	0.0856521702473815
1.345	0.08563148772641675
1.35	0.08561094698018185
1.355	0.08559054655520187
1.3599999999999999	0.08557028501848363
1.365	0.0855501609560766
1.3699999999999999	0.08553017297358341
1.375	0.08551031969548997
1.38	0.08549059976467974
1.385	0.085471011842485
1.39	0.08545155460823639
1.395	0.08543222675866452
1.4	0.08541302700817999
1.405	0.0853939540883213
1.41	0.08537500674668301
1.415	0.08535618374841827
1.42	0.08533748387389527
1.425	0.0853189059203118
1.43	0.08530044870002584
1.435	0.0852821110407577
1.44	0.08526389178592444
1.445	0.0852457897935618
1.45	0.0852278039362313
1.455	0.08520993310126608
1.46	0.08519217618993853
1.465	0.08517453211783937
1.47	0.08515699981413209
1.475	0.085139578221605
1.48	0.08512226629603273
1.4849999999999999	0.08510506300705246
1.49	0.0850879673364043
1.4949999999999999	0.08507097827894805
1.5	0.08505409484216278
1.505	0.08503731604577001
1.51	0.08502064092128872
1.515	0.08500406851243278
1.52	0.08498759787500677
1.525	0.08497122807542902
1.53	0.08495495819275233
1.535	0.0849387873161385
1.54	0.08492271454683616
1.545	0.08490673899561825
1.55	0.08489085978531954
1.555	0.08487507604862253
1.56	0.08485938692880567
1.565	0.0848437915793833
1.57	0.08482828916346488
1.575	0.08481287885493416
1.58	0.08479755983692422
1.585	0.08478233130240463
1.59	0.0847671924535442
1.595	0.08475214250237599
1.6	0.08473718066905454
1.605	0.08472230618479175
1.6099999999999999	0.08470751828809098
1.615	0.08469281622670866
1.6199999999999999	0.0846781992567904
1.625	0.08466366664400742
1.63	0.08464921766178995
1.635	0.08463485159152809
1.64	0.0846205677234263
1.645	0.08460636535600034
1.65	0.08459224379531828
1.655	0.08457820235464206
1.66	0.08456424035658913
1.665	0.08455035712922274
1.67	0.08453655201118518
1.675	0.08452282434523248
1.68	0.08450917348333317
1.685	0.0844955987849987
1.69	0.08448209961536926
1.695	0.08446867534771217
1.7	0.08445532536156994
1.705	0.0844420490442459
1.71	0.08442884578862447
1.715	0.08441571499532421
1.72	0.0844026560712842
1.725	0.08438966842785134
1.73	0.08437675148624299
1.735	0.08436390467094078
1.74	0.0843511274147779
1.7449999999999999	0.08433841915524347
1.75	0.08432577933691436
1.755	0.08431320740940738
1.76	0.0843007028289513
1.765	0.08428826505709673
1.77	0.08427589356112467
1.775	0.0842635878136665
1.78	0.08425134729455372
1.785	0.08423917148653878
1.79	0.08422705988057722
1.795	0.08421501197036152
1.8	0.08420302725688
1.805	0.08419110524463239
1.81	0.08417924544489049
1.815	0.08416744737330303
1.82	0.08415571054944723
1.825	0.08414403450035983
1.83	0.0841324187554235
1.835	0.08412086285070448
1.84	0.08410936632510815
1.845	0.08409792872437477
1.85	0.08408654959749559
1.855	0.0840752284975935
1.86	0.08406396498481326
1.865	0.08405275862048564
1.8699999999999999	0.08404160897317788
1.875	0.08403051561373469
1.88	0.08401947811821649
1.885	0.08400849606769807
1.89	0.08399756904492324
1.895	0.08398669663864042
1.9	0.08397587844328962
1.905	0.08396511405523954
1.91	0.08395440307291184
1.915	0.08394374510278325
1.92	0.08393313975365417
1.925	0.0839225866352224
1.93	0.08391208536716581
1.935	0.08390163556662791
1.94	0.08389123685811375
1.945	0.08388088886896236
1.95	0.08387059122972504
1.955	0.08386034357523237
1.96	0.0838501455433328
1.965	0.08383999677511295
1.97	0.08382989691517058
1.975	0.0838198456117899
1.98	0.08380984251745352
1.985	0.08379988728626266
1.99	0.08378997957640297
1.9949999999999999	0.08378011905064128
2.	0.08377030537205361