0.2	-0.05171410022582668
0.20500000000000002	-0.04948348916481914
0.21000000000000002	-0.04795285573723026
0.21500000000000002	-0.0469045668728044
0.22	-0.04620130947326026
0.225	-0.0457520939874258
0.23	-0.04549419602041548
0.23500000000000001	-0.045382948630890034
0.24000000000000002	-0.045385670951565565
0.245	-0.04547790007756945
0.25	-0.045640966343977574
0.255	-0.04586038367049872
0.26	-0.046124751550577894
0.265	-0.04642498790218924
0.27	-0.04675378155369435
0.275	-0.04710519396716701
0.28	-0.04747436450676632
0.28500000000000003	-0.047857288918023086
0.29000000000000004	-0.04825065046563312
0.29500000000000004	-0.04865168954495616
0.30000000000000004	-0.04905810181050226
0.305	-0.04946795772333639
0.31	-0.049879638384384715
0.315	-0.05029178389218044
0.32	-0.0507032514345059
0.325	-0.05111308101976135
0.33	-0.05152046725950149
0.335	-0.05192473598489434
0.34	-0.05232532475550572
0.345	-0.05272176652550182
0.35	-0.05311367588884559
0.355	-0.05350073744460028
0.36	-0.053882695915551275
0.365	-0.05425934772490537
0.37	-0.05463053379181703
0.375	-0.05499613335065946
0.38	-0.05535605863401616
0.385	-0.05571025028740032
0.39	-0.05605867340625964
0.395	-0.05640131410406765
0.4	-0.056738176535158134
0.405	-0.05706928030811659
0.41000000000000003	-0.05739465823553733
0.41500000000000004	-0.05771435437422562
0.42000000000000004	-0.05802842231678741
0.42500000000000004	-0.058336923701279374
0.43000000000000005	-0.05863992691038941
0.43500000000000005	-0.058937505935648914
0.44	-0.05922973938559699
0.445	-0.059516709619687594
0.45	-0.05979850199219881
0.455	-0.06007520419248534
0.46	-0.06034690566971286
0.465	-0.06061369713173896
0.47000000000000003	-0.060875670109138066
0.47500000000000003	-0.061132916576491586
0.48000000000000004	-0.06138552862406072
0.48500000000000004	-0.061633598173801395
0.49	-0.061877216734426116
0.495	-0.06211647519085972
0.5	-0.06235146362399441
0.505	-0.06258227115713759
0.51	-0.0628089858259773
0.515	-0.06303169446926098
0.52	-0.06325048263771037
0.525	-0.0634654345189931
0.53	-0.06367663287680252
0.535	-0.06388415900235199
0.54	-0.0640880926767579
0.545	-0.06428851214297429
0.55	-0.06448549408608806
0.5549999999999999	-0.06467911362093012
0.56	-0.06486944428605829
0.565	-0.0650565580432952
0.5700000000000001	-0.06524052528208289
0.575	-0.06542141482799914
0.5800000000000001	-0.06559929395487721
0.585	-0.06577422839999482
0.5900000000000001	-0.06594628238190119
0.595	-0.06611551862047056
0.6000000000000001	-0.06628199835882552
0.605	-0.0664457813868271
0.6100000000000001	-0.06660692606585317
0.615	-0.0667654893546029
0.62	-0.06692152683574185
0.625	-0.0670750927431645
0.63	-0.06722623998974235
0.635	-0.06737502019537635
0.64	-0.06752148371525078
0.645	-0.06766567966815511
0.65	-0.06780765596481221
0.655	-0.06794745933606545
0.66	-0.06808513536092567
0.665	-0.06822072849434845
0.67	-0.06835428209473303
0.675	-0.06848583845106754
0.6799999999999999	-0.06861543880969434
0.685	-0.06874312340067043
0.69	-0.06886893146366319
0.6950000000000001	-0.06899290127340471
0.7	-0.06911507016463919
0.7050000000000001	-0.06923547455659612
0.71	-0.06935414997692436
0.7150000000000001	-0.06947113108513318
0.72	-0.06958645169550279
0.7250000000000001	-0.06970014479947113
0.73	-0.06981224258747337
0.7350000000000001	-0.06992277647030312
0.74	-0.07003177709989497
0.7450000000000001	-0.07013927438962207
0.75	-0.07024529753407606
0.7550000000000001	-0.0703498750283216
0.76	-0.07045303468666218
0.7650000000000001	-0.07055480366091435
0.77	-0.07065520845818685
0.7750000000000001	-0.0707542749581759
0.78	-0.07085202843001996
0.7849999999999999	-0.07094849354865886
0.79	-0.07104369441075302
0.7949999999999999	-0.07113765455019398
0.8	-0.07123039695313979
0.8049999999999999	-0.07132194407265179
0.81	-0.07141231784292906
0.815	-0.07150153969311492
0.8200000000000001	-0.07158963056074386
0.825	-0.07167661090480741
0.8300000000000001	-0.0717625007183982
0.835	-0.07184731954107025
0.8400000000000001	-0.07193108647078911
0.845	-0.07201382017557709
0.8500000000000001	-0.07209553890478844
0.855	-0.07217626050011698
0.8600000000000001	-0.07225600240623423
0.865	-0.07233478168112971
0.8700000000000001	-0.07241261500620064
0.875	-0.07248951869602846
0.8800000000000001	-0.07256550870784838
0.885	-0.0726406006507699
0.8900000000000001	-0.07271480979474632
0.895	-0.07278815107928761
0.9000000000000001	-0.07286063912187635
0.905	-0.07293228822623093
0.9099999999999999	-0.0730031123902297
0.915	-0.0730731253136963
0.9199999999999999	-0.07314234040596364
0.925	-0.07321077079307946
0.9299999999999999	-0.07327842932508019
0.935	-0.07334532858273313
0.94	-0.07341148088440866
0.9450000000000001	-0.07347689829246735
0.95	-0.07354159261970071
0.9550000000000001	-0.07360557543547364
0.96	-0.07366885807166933
0.9650000000000001	-0.0737314516285714
0.97	-0.07379336698052491
0.9750000000000001	-0.07385461478140495
0.98	-0.07391520546998633
0.9850000000000001	-0.0739751492751963
0.99	-0.07403445622105022
0.9950000000000001	-0.07409313613176555
1.	-0.07415119863634584
1.0050000000000001	-0.0742086531733787
1.01	-0.07426550899552833
1.0150000000000001	-0.07432177517390626
1.02	-0.07437746060236693
1.0250000000000001	-0.07443257400175422
1.03	-0.07448712392383829
1.035	-0.07454111875534088
1.04	-0.07459456672179268
1.045	-0.07464747589122202
1.05	-0.0746998541777502
1.055	-0.07475170934530415
1.06	-0.07480304901091848
1.065	-0.07485388064806331
1.07	-0.07490421159009493
1.075	-0.07495404903323173
1.08	-0.07500340003980435
1.085	-0.07505227154123909
1.09	-0.07510067034085943
1.095	-0.07514860311698243
1.1	-0.07519607642557763
1.105	-0.07524309670289521
1.11	-0.07528967026835424
1.115	-0.07533580332690859
1.12	-0.07538150197167155
1.125	-0.07542677218620905
1.1300000000000001	-0.07547161984723005
1.135	-0.0755160507266338
1.1400000000000001	-0.07556007049383219
1.145	-0.07560368471808684
1.1500000000000001	-0.07564689887047736
1.155	-0.07568971832624043
1.16	-0.07573214836655097
1.165	-0.07577419418068677
1.17	-0.07581586086802533
1.175	-0.0758571534397302
1.18	-0.07589807682080471
1.185	-0.07593863585177973
1.19	-0.07597883529065151
1.195	-0.07601867981431071
1.2	-0.07605817402053282
1.205	-0.07609732242935408
1.21	-0.07613612948482884
1.215	-0.07617459955658486
1.22	-0.07621273694130916
1.2249999999999999	-0.07625054586414277
1.23	-0.07628803048036722
1.2349999999999999	-0.07632519487653082
1.24	-0.07636204307212455
1.2449999999999999	-0.07639857902065188
1.25	-0.07643480661118336
1.255	-0.07647072966942808
1.26	-0.07650635195926872
1.265	-0.07654167718377142
1.27	-0.07657670898628675
1.275	-0.07661145095205615
1.28	-0.07664590660880198
1.285	-0.07668007942816932
1.29	-0.07671397282707386
1.295	-0.07674759016809675
1.3	-0.07678093476114334
1.305	-0.07681400986392979
1.31	-0.07684681868370578
1.315	-0.07687936437728136
1.32	-0.07691165005291585
1.325	-0.07694367877069799
1.33	-0.07697545354342422
1.335	-0.07700697733792493
1.34	-0.07703825307516966
1.345	-0.07706928363231665
1.35	-0.0771000718423388
1.355	-0.07713062049526646
1.3599999999999999	-0.07716093233948004
1.365	-0.07719101008163216
1.3699999999999999	-0.07722085638808136
1.375	-0.07725047388536567
1.38	-0.07727986516080726
1.385	-0.07730903276351447
1.39	-0.07733797920497079
1.395	-0.07736670695948929
1.4	-0.07739521846533744
1.405	-0.07742351612517516
1.41	-0.07745160230608038
1.415	-0.0774794793415992
1.42	-0.07750714953069691
1.425	-0.0775346151398777
1.43	-0.07756187840262496
1.435	-0.07758894152037471
1.44	-0.07761580666352765
1.445	-0.07764247597134692
1.45	-0.07766895155261631
1.455	-0.07769523548655166
1.46	-0.0777213298228471
1.465	-0.07774723658267306
1.47	-0.07777295775874173
1.475	-0.07779849531602526
1.48	-0.07782385119189746
1.4849999999999999	-0.07784902729744939
1.49	-0.07787402551673848
1.4949999999999999	-0.07789884770818484
1.5	-0.07792349570478736
1.505	-0.07794797131440552
1.51	-0.07797227631998155
1.515	-0.07799641248041485
1.52	-0.07802038153104371
1.525	-0.07804418518300525
1.53	-0.07806782512536552
1.535	-0.07809130302366472
1.54	-0.0781146205219405
1.545	-0.07813777924128369
1.55	-0.0781607807822411
1.555	-0.07818362672361968
1.56	-0.0782063186235184
1.565	-0.07822885801950047
1.57	-0.07825124642858933
1.575	-0.07827348534855938
1.58	-0.07829557625725941
1.585	-0.0783175206134433
1.59	-0.07833931985673027
1.595	-0.07836097540850057
1.6	-0.07838248867097719
1.605	-0.07840386102986918
1.6099999999999999	-0.0784250938518748
1.615	-0.07844618848655355
1.6199999999999999	-0.07846714626603711
1.625	-0.07848796850629813
1.63	-0.07850865650610966
1.635	-0.07852921154759311
1.64	-0.07854963489718371
1.645	-0.07856992780563057
1.65	-0.07859009150769435
1.655	-0.07861012722224342
1.66	-0.07863003615422233
1.665	-0.07864981949195331
1.67	-0.07866947841141968
1.675	-0.07868901407156893
1.68	-0.07870842761855958
1.685	-0.07872772018475564
1.69	-0.07874689288756236
1.695	-0.07876594683160419
1.7	-0.07878488310761539
1.705	-0.07880370279380959
1.71	-0.0788224069545362
1.715	-0.07884099664214607
1.72	-0.07885947289619591
1.725	-0.07887783674221556
1.73	-0.0788960891961724
1.735	-0.07891423125963254
1.74	-0.07893226392392749
1.7449999999999999	-0.07895018816753185
1.75	-0.07896800495818071
1.755	-0.07898571525152696
1.76	-0.07900331999256759
1.765	-0.07902082011488316
1.77	-0.07903821654116784
1.775	-0.07905551018315708
1.78	-0.07907270194325237
1.785	-0.07908979271144062
1.79	-0.07910678336957733
1.795	-0.0791236747873654
1.8	-0.07914046782607163
1.805	-0.07915716333578995
1.81	-0.07917376215818726
1.815	-0.07919026512477571
1.82	-0.07920667305683661
1.825	-0.0792229867682533
1.83	-0.07923920706179755
1.835	-0.07925533473262013
1.84	-0.07927137056546936
1.845	-0.07928731533795226
1.85	-0.07930316981791928
1.855	-0.07931893476435004
1.86	-0.07933461092967664
1.865	-0.07935019905550755
1.8699999999999999	-0.07936569987740695
1.875	-0.07938111412127306
1.88	-0.07939644250570149
1.885	-0.07941168574201798
1.89	-0.07942684453183836
1.895	-0.07944191957054833
1.9	-0.07945691154720019
1.905	-0.07947182114177083
1.91	-0.07948664902541441
1.915	-0.07950139586515932
1.92	-0.07951606231968213
1.925	-0.07953064903833539
1.93	-0.07954515666824143
1.935	-0.07955958584481068
1.94	-0.07957393719950163
1.945	-0.07958821135639511
1.95	-0.07960240893271435
1.955	-0.07961653053963523
1.96	-0.07963057678154815
1.965	-0.07964454825629047
1.97	-0.07965844555547168
1.975	-0.07967226926473776
1.98	-0.07968601996426472
1.985	-0.07969969822687674
1.99	-0.07971330462008411
1.9949999999999999	-0.07972683970652503
2.	-0.07974030404082989