0.2	0.13115736030748107
0.20500000000000002	0.12285299968261566
0.21000000000000002	0.11668226789566584
0.21500000000000002	0.11198401509322593
0.22	0.10834197155388905
0.225	0.10548099798744821
0.23	0.10321197959309966
0.23500000000000001	0.101400681675624
0.24000000000000002	0.09994923049235645
0.245	0.09878462460050558
0.25	0.09785134687102462
0.255	0.09710646445710935
0.26	0.09651629042905883
0.265	0.09605405512208924
0.27	0.09569824756686833
0.275	0.09543141201815987
0.28	0.09523926002884803
0.28500000000000003	0.09511000541756343
0.29000000000000004	0.09503385935528887
0.29500000000000004	0.09500264224965639
0.30000000000000004	0.09500948202561572
0.305	0.09504857713847506
0.31	0.0951150086626512
0.315	0.09520458999312241
0.32	0.09531374566552289
0.325	0.09543941293022704
0.33	0.09557896126161157
0.335	0.09573012611858597
0.34	0.09589095411450829
0.345	0.09605975738551199
0.35	0.09623507542339683
0.355	0.0964156430032136
0.36	0.09660036311561566
0.365	0.09678828403104656
0.37	0.0969785797922522
0.375	0.09717053356481523
0.38	0.09736352338082319
0.385	0.09755700989472971
0.39	0.09775052583770838
0.395	0.09794366691096347
0.4	0.0981360839023252
0.405	0.09832747584615853
0.41000000000000003	0.09851758407580903
0.41500000000000004	0.09870618704179755
0.42000000000000004	0.0988930957887682
0.42500000000000004	0.09907815000059289
0.43000000000000005	0.09926121453668013
0.43500000000000005	0.09944217639391822
0.44	0.09962094203824001
0.445	0.09979743505780589
0.45	0.09997159409658526
0.455	0.10014337103283208
0.46	0.10031272937182005
0.465	0.10047964282633146
0.47000000000000003	0.10064409406193232
0.47500000000000003	0.10080607358707654
0.48000000000000004	0.1009655787706788
0.48500000000000004	0.10112261297201858
0.49	0.10127718476975472
0.495	0.10142930727848931
0.5	0.10157899754274889
0.505	0.10172627599949233
0.51	0.10187116600133639
0.515	0.10201369339362497
0.52	0.10215388613928476
0.525	0.10229177398613311
0.53	0.1024273881719066
0.535	0.10256076116285479
0.54	0.1026919264221962
0.545	0.10282091820516964
0.55	0.10294777137777468
0.5549999999999999	0.10307252125663532
0.56	0.10319520346768557
0.565	0.10331585382165283
0.5700000000000001	0.10343450820452091
0.575	0.10355120248135818
0.5800000000000001	0.10366597241208503
0.585	0.10377885357787835
0.5900000000000001	0.10388988131708896
0.595	0.10399909066963603
0.6000000000000001	0.10410651632896754
0.605	0.10421219260077504
0.6100000000000001	0.1043161533677358
0.615	0.1044184320596093
0.62	0.1045190616281321
0.625	0.104618074526159
0.63	0.10471550269060861
0.635	0.10481137752876782
0.64	0.10490572990759589
0.645	0.10499859014567679
0.65	0.10508998800754556
0.655	0.10517995270006346
0.66	0.10526851287066613
0.665	0.10535569660720591
0.67	0.10544153143923482
0.675	0.10552604434052718
0.6799999999999999	0.105609261732696
0.685	0.10569120948977166
0.69	0.10577191294358276
0.6950000000000001	0.10585139688987398
0.7	0.10592968559501176
0.7050000000000001	0.10600680280323348
0.71	0.10608277174430801
0.7150000000000001	0.10615761514158338
0.72	0.1062313552203333
0.7250000000000001	0.10630401371634517
0.73	0.1063756118846857
0.7350000000000001	0.10644617050865543
0.74	0.10651570990879922
0.7450000000000001	0.10658424995202007
0.75	0.10665181006072821
0.7550000000000001	0.10671840922198415
0.76	0.10678406599664253
0.7650000000000001	0.10684879852845929
0.77	0.10691262455313717
0.7750000000000001	0.10697556140729247
0.78	0.10703762603736287
0.7849999999999999	0.10709883500837876
0.79	0.10715920451263872
0.7949999999999999	0.10721875037829037
0.8	0.10727748807774308
0.8049999999999999	0.10733543273597035
0.81	0.10739259913867252
0.815	0.1074490017402795
0.8200000000000001	0.10750465467182482
0.825	0.1075595717486761
0.8300000000000001	0.1076137664780611
0.835	0.10766725206651324
0.8400000000000001	0.10772004142710692
0.845	0.10777214718657287
0.8500000000000001	0.10782358169222143
0.855	0.10787435701876752
0.8600000000000001	0.10792448497494411
0.865	0.10797397710997537
0.8700000000000001	0.10802284471993995
0.875	0.10807109885396195
0.8800000000000001	0.10811875032022686
0.885	0.10816580969187564
0.8900000000000001	0.10821228731276838
0.895	0.10825819330310381
0.9000000000000001	0.10830353756485309
0.905	0.10834832978714971
0.9099999999999999	0.10839257945143273
0.915	0.1084362958365563
0.9199999999999999	0.10847948802376221
0.925	0.10852216490138997
0.9299999999999999	0.10856433516972568
0.935	0.108606007345423
0.94	0.10864718976610654
0.9450000000000001	0.10868789059458157
0.95	0.10872811782316205
0.9550000000000001	0.10876787927776978
0.96	0.10880718262190209
0.9650000000000001	0.10884603536059925
0.97	0.10888444484425427
0.9750000000000001	0.10892241827228256
0.98	0.10895996269675506
0.9850000000000001	0.10899708502596324
0.99	0.10903379202772549
0.9950000000000001	0.1090700903329135
1.	0.10910598643850228
1.0050000000000001	0.10914148671088005
1.01	0.10917659738889426
1.0150000000000001	0.10921132458682335
1.02	0.1092456742973084
1.0250000000000001	0.10927965239428343
1.03	0.10931326463562732
1.035	0.10934651666594827
1.04	0.10937941401922724
1.045	0.10941196212133598
1.05	0.1094441662924934
1.055	0.10947603174986337
1.06	0.10950756360978564
1.065	0.10953876689005491
1.07	0.10956964651234942
1.075	0.10960020730422207
1.08	0.10963045400138527
1.085	0.10966039124975684
1.09	0.10969002360735322
1.095	0.10971935554649549
1.1	0.1097483914556079
1.105	0.10977713564100748
1.11	0.10980559232897125
1.115	0.10983376566730718
1.12	0.1098616597272073
1.125	0.10988927850478414
1.1300000000000001	0.10991662592302127
1.135	0.10994370583311236
1.1400000000000001	0.10997052201608203
1.145	0.10999707818444096
1.1500000000000001	0.11002337798349568
1.155	0.11004942499304037
1.16	0.11007522272850764
1.165	0.11010077464252344
1.17	0.11012608412629452
1.175	0.11015115451072932
1.18	0.11017598906790496
1.185	0.11020059101221365
1.19	0.11022496350174821
1.195	0.11024910963921095
1.2	0.11027303247338394
1.205	0.11029673500000647
1.21	0.1103202201630352
1.215	0.11034349085572812
1.22	0.1103665499216556
1.2249999999999999	0.11038940015564398
1.23	0.1104120443050135
1.2349999999999999	0.11043448507027022
1.24	0.11045672510635403
1.2449999999999999	0.11047876702330248
1.25	0.11050061338738501
1.255	0.11052226672179387
1.26	0.11054372950778225
1.265	0.1105650041852963
1.27	0.11058609315371427
1.275	0.11060699877307979
1.28	0.11062772336435485
1.285	0.11064826921050211
1.29	0.1106686385575002
1.295	0.1106888336144154
1.3	0.11070885655472601
1.305	0.1107287095165073
1.31	0.11074839460383565
1.315	0.11076791388652028
1.32	0.1107872694016898
1.325	0.11080646315389477
1.33	0.11082549711569702
1.335	0.11084437322871722
1.34	0.11086309340348385
1.345	0.11088165952119484
1.35	0.11090007343311362
1.355	0.11091833696153325
1.3599999999999999	0.11093645190083982
1.365	0.11095442001718296
1.3699999999999999	0.11097224304967432
1.375	0.11098992271062852
1.38	0.11100746068594249
1.385	0.11102485863587645
1.39	0.11104211819541428
1.395	0.11105924097452083
1.4	0.11107622855904165
1.405	0.11109308251094732
1.41	0.1111098043681624
1.415	0.11112639564639577
1.42	0.11114285783793226
1.425	0.11115919241353027
1.43	0.11117540082171086
1.435	0.11119148448952469
1.44	0.11120744482339148
1.445	0.11122328320883365
1.45	0.11123900101096165
1.455	0.11125459957520918
1.46	0.11127008022722538
1.465	0.11128544427370606
1.47	0.11130069300230916
1.475	0.1113158276822099
1.48	0.11133084956410072
1.4849999999999999	0.11134575988135173
1.49	0.1113605598491166
1.4949999999999999	0.11137525066558987
1.5	0.11138983351207794
1.505	0.11140430955314248
1.51	0.11141867993669888
1.515	0.11143294579474718
1.52	0.11144710824372861
1.525	0.11146116838376692
1.53	0.11147512730065298
1.535	0.11148898606429153
1.54	0.11150274573059302
1.545	0.11151640733990803
1.55	0.11152997191932423
1.555	0.11154344048135177
1.56	0.11155681402484503
1.565	0.1115700935350636
1.57	0.11158327998356682
1.575	0.11159637432939666
1.58	0.11160937751829175
1.585	0.11162229048342936
1.59	0.11163511414527555
1.595	0.11164784941238945
1.6	0.11166049718040336
1.605	0.1116730583345797
1.6099999999999999	0.11168553374721103
1.615	0.11169792427941358
1.6199999999999999	0.11171023078074853
1.625	0.1117224540903802
1.63	0.11173459503598397
1.635	0.11174665443419111
1.64	0.11175863309146666
1.645	0.11177053180403351
1.65	0.11178235135750113
1.655	0.11179409252686726
1.66	0.11180575607841513
1.665	0.11181734276693846
1.67	0.1118288533399495
1.675	0.11184028853291976
1.68	0.11185164907343098
1.685	0.11186293568012229
1.69	0.11187414906144413
1.695	0.11188528991777058
1.7	0.11189635894022287
1.705	0.11190735681198007
1.71	0.11191828420684793
1.715	0.11192914179109055
1.72	0.11193993022254531
1.725	0.11195065014935765
1.73	0.11196130221435426
1.735	0.11197188705016478
1.74	0.11198240528331838
1.7449999999999999	0.11199285753157309
1.75	0.11200324440596585
1.755	0.112013566509432
1.76	0.11202382443815072
1.765	0.11203401878075939
1.77	0.11204415011880725
1.775	0.1120542190266407
1.78	0.11206422607297356
1.785	0.11207417181776899
1.79	0.11208405681644876
1.795	0.11209388161584516
1.8	0.11210364675785475
1.805	0.11211335277667121
1.81	0.11212300020145488
1.815	0.11213258955459682
1.82	0.11214212135157471
1.825	0.11215159610373945
1.83	0.11216101431456559
1.835	0.11217037648310141
1.84	0.11217968310114217
1.845	0.11218893465644168
1.85	0.11219813163007872
1.855	0.1122072744972591
1.86	0.11221636372965425
1.865	0.11222539979105033
1.8699999999999999	0.11223438314209531
1.875	0.11224331423663901
1.88	0.11225219352407315
1.885	0.11226102144930365
1.89	0.11226979845030051
1.895	0.11227852496152327
1.9	0.11228720141377745
1.905	0.11229582823146118
1.91	0.11230440583277662
1.915	0.11231293463437478
1.92	0.11232141504711694
1.925	0.11232984747506855
1.93	0.11233823232254071
1.935	0.11234656998461565
1.94	0.1123548608548305
1.945	0.11236310532175718
1.95	0.11237130376946418
1.955	0.11237945657833076
1.96	0.11238756412424333
1.965	0.11239562677882318
1.97	0.11240364490971559
1.975	0.1124116188808315
1.98	0.11241954905279422
1.985	0.11242743578106526
1.99	0.11243527941792152
1.9949999999999999	0.11244308031288744
2.	0.1124508388095774