0.2	-0.23175126837833046
0.20500000000000002	-0.10828694463391886
0.21000000000000002	-0.07708115896109362
0.21500000000000002	-0.06323305343866222
0.22	-0.05565306759885829
0.225	-0.051039627317209055
0.23	-0.04806298604553898
0.23500000000000001	-0.046084048090689556
0.24000000000000002	-0.04475726383125047
0.245	-0.04387928113376407
0.25	-0.0433225032003684
0.255	-0.04300273237341249
0.26	-0.042862104847659094
0.265	-0.042859500467211584
0.27	-0.04296486676781955
0.275	-0.04315571147170673
0.28	-0.043414854224559395
0.28500000000000003	-0.043728939442241946
0.29000000000000004	-0.04408742531137268
0.29500000000000004	-0.044481879746357075
0.30000000000000004	-0.044905479519399494
0.305	-0.04535264705533493
0.31	-0.045818782478124154
0.315	-0.04630006281736368
0.32	-0.04679328938417362
0.325	-0.04729577023825026
0.33	-0.0478052285863521
0.335	-0.04831973059710553
0.34	-0.04883762793185684
0.345	-0.0493575115558479
0.35	-0.04987817428763768
0.355	-0.05039858018449446
0.36	-0.050917839325132365
0.365	-0.05143518689099036
0.37	-0.05194996569893284
0.375	-0.052461611526550926
0.38	-0.05296964071339798
0.385	-0.053473639629788364
0.39	-0.05397325568797156
0.395	-0.05446818963488126
0.4	-0.054958188915888675
0.405	-0.055443041938454916
0.41000000000000003	-0.05592257309577565
0.41500000000000004	-0.05639663843536718
0.42000000000000004	-0.056865121877445066
0.42500000000000004	-0.05732793190398941
0.43000000000000005	-0.057784998652397494
0.43500000000000005	-0.058236271358208254
0.44	-0.058681716100093685
0.445	-0.05912131380743009
0.45	-0.05955505849670982
0.455	-0.059982955707954276
0.46	-0.060405021116414645
0.465	-0.060821279298276146
0.47000000000000003	-0.061231762632012576
0.47500000000000003	-0.061636510319465404
0.48000000000000004	-0.06203556751283346
0.48500000000000004	-0.06242898453551516
0.49	-0.06281681618627982
0.495	-0.06319912111754718
0.5	-0.06357596127967162
0.505	-0.06394740142409835
0.51	-0.06431350865910512
0.515	-0.06467435205256679
0.52	-0.06503000227681299
0.525	-0.06538053129122344
0.53	-0.06572601205864552
0.535	-0.06606651829221111
0.54	-0.06640212422944303
0.545	-0.06673290443090601
0.55	-0.06705893360093312
0.5549999999999999	-0.06738028642823786
0.56	-0.06769703744441329
0.565	-0.06800926089856545
0.5700000000000001	-0.06831703064647625
0.575	-0.06862042005285411
0.5800000000000001	-0.06891950190541686
0.585	-0.0692143483395991
0.5900000000000001	-0.06950503077287792
0.595	-0.06979161984775091
0.6000000000000001	-0.07007418538250666
0.605	-0.07035279632904223
0.6100000000000001	-0.07062752073702484
0.615	-0.07089842572373355
0.62	-0.0711655774490736
0.625	-0.07142904109517835
0.63	-0.07168888085020621
0.635	-0.07194515989583727
0.64	-0.07219794039813976
0.645	-0.0724472835014167
0.65	-0.07269324932479176
0.655	-0.07293589696112204
0.66	-0.07317528447813158
0.665	-0.07341146892139847
0.67	-0.07364450631907363
0.675	-0.07387445168808324
0.6799999999999999	-0.0741013590416642
0.685	-0.07432528139809455
0.69	-0.07454627079040568
0.6950000000000001	-0.07476437827704362
0.7	-0.07497965395326243
0.7050000000000001	-0.07519214696324032
0.71	-0.07540190551271284
0.7150000000000001	-0.07560897688214345
0.72	-0.07581340744028943
0.7250000000000001	-0.07601524265811187
0.73	-0.07621452712291385
0.7350000000000001	-0.07641130455279854
0.74	-0.07660561781117178
0.7450000000000001	-0.07679750892143812
0.75	-0.0769870190817625
0.7550000000000001	-0.07717418867983643
0.76	-0.07735905730767366
0.7650000000000001	-0.07754166377638663
0.77	-0.07772204613088872
0.7750000000000001	-0.07790024166450653
0.78	-0.07807628693355269
0.7849999999999999	-0.07825021777170292
0.79	-0.07842206930425966
0.7949999999999999	-0.07859187596233304
0.8	-0.07875967149676383
0.8049999999999999	-0.07892548899191816
0.81	-0.07908936087931814
0.815	-0.07925131895101892
0.8200000000000001	-0.07941139437285567
0.825	-0.07956961769748354
0.8300000000000001	-0.07972601887709917
0.835	-0.07988062727611316
0.8400000000000001	-0.0800334716834827
0.845	-0.08018458032490033
0.8500000000000001	-0.0803339808746875
0.855	-0.08048170046758167
0.8600000000000001	-0.08062776571018582
0.865	-0.08077220269221161
0.8700000000000001	-0.08091503699760214
0.875	-0.08105629371537927
0.8800000000000001	-0.08119599745021665
0.885	-0.08133417233284149
0.8900000000000001	-0.08147084203025204
0.895	-0.08160602975571993
0.9000000000000001	-0.08173975827847658
0.905	-0.08187204993338705
0.9099999999999999	-0.0820029266301851
0.915	-0.0821324098627039
0.9199999999999999	-0.08226052071790241
0.925	-0.08238727988438001
0.9299999999999999	-0.08251270766130117
0.935	-0.08263682396640852
0.94	-0.08275964834455808
0.9450000000000001	-0.08288119997542742
0.95	-0.08300149768156136
0.9550000000000001	-0.08312055993597742
0.96	-0.08323840486954756
0.9650000000000001	-0.0833550502784346
0.97	-0.08347051363123692
0.9750000000000001	-0.08358481207589645
0.98	-0.08369796244655864
0.9850000000000001	-0.08380998127035222
0.99	-0.08392088477363135
0.9950000000000001	-0.08403068888876672
1.	-0.08413940925992575
1.0050000000000001	-0.08424706124946585
1.01	-0.08435365994379541
1.0150000000000001	-0.08445922015910583
1.02	-0.08456375644706347
1.0250000000000001	-0.08466728310052117
1.03	-0.08476981415866904
1.035	-0.08487136341249349
1.04	-0.08497194440998135
1.045	-0.0850715704610571
1.05	-0.08517025464242645
1.055	-0.08526800980276163
1.06	-0.08536484856709707
1.065	-0.08546078334136692
1.07	-0.08555582631729844
1.075	-0.08564998947635459
1.08	-0.08574328459435676
1.085	-0.08583572324560554
1.09	-0.08592731680667672
1.095	-0.08601807646093769
1.1	-0.08610801320217913
1.105	-0.08619713783824305
1.11	-0.08628546099529327
1.115	-0.0863729931209993
1.12	-0.08645974448835463
1.125	-0.08654572519882202
1.1300000000000001	-0.08663094518641294
1.135	-0.08671541422041057
1.1400000000000001	-0.08679914190874652
1.145	-0.0868821377014687
1.1500000000000001	-0.08696441089344271
1.155	-0.08704597062792088
1.16	-0.08712682589893272
1.165	-0.08720698555455915
1.17	-0.08728645829988807
1.175	-0.08736525269932335
1.18	-0.0874433771797494
1.185	-0.0875208400329256
1.19	-0.08759764941846974
1.195	-0.087673813365764
1.2	-0.08774933977712619
1.205	-0.08782423642966754
1.21	-0.0878985109780206
1.215	-0.08797217095665945
1.22	-0.08804522378209376
1.2249999999999999	-0.08811767675489646
1.23	-0.08818953706240265
1.2349999999999999	-0.08826081178019954
1.24	-0.08833150787486223
1.2449999999999999	-0.08840163220537617
1.25	-0.08847119152565017
1.255	-0.08854019248600334
1.26	-0.0886086416356808
1.265	-0.08867654542424938
1.27	-0.08874391020321169
1.275	-0.08881074222875249
1.28	-0.08887704766227661
1.285	-0.08894283257283651
1.29	-0.08900810293937515
1.295	-0.08907286465088789
1.3	-0.08913712350939396
1.305	-0.08920088523033572
1.31	-0.0892641554457219
1.315	-0.08932693970355504
1.32	-0.08938924347137657
1.325	-0.08945107213650008
1.33	-0.08951243100736328
1.335	-0.08957332531588105
1.34	-0.08963376021712048
1.345	-0.08969374079327824
1.35	-0.08975327205232803
1.355	-0.08981235893024384
1.3599999999999999	-0.0898710062933575
1.365	-0.08992921893768821
1.3699999999999999	-0.08998700159163545
1.375	-0.09004435891655783
1.38	-0.09010129550765258
1.385	-0.09015781589572908
1.39	-0.09021392454807275
1.395	-0.09026962586903363
1.4	-0.09032492420209662
1.405	-0.09037982383044972
1.41	-0.09043432897664885
1.415	-0.09048844380677043
1.42	-0.09054217242771637
1.425	-0.09059551889154058
1.43	-0.09064848719385209
1.435	-0.09070108127562806
1.44	-0.09075330502510884
1.445	-0.09080516227724424
1.45	-0.09085665681482853
1.455	-0.09090779237020012
1.46	-0.09095857262504038
1.465	-0.09100900121227559
1.47	-0.09105908171593988
1.475	-0.0911088176724687
1.48	-0.09115821257074004
1.4849999999999999	-0.09120726985470962
1.49	-0.09125599292148646
1.4949999999999999	-0.09130438512416138
1.5	-0.09135244977203073
1.505	-0.09140019013097488
1.51	-0.09144760942370576
1.515	-0.09149471083146889
1.52	-0.0915414974948705
1.525	-0.09158797251224682
1.53	-0.09163413894414804
1.535	-0.09167999980990939
1.54	-0.09172555809191438
1.545	-0.09177081673219464
1.55	-0.09181577863754684
1.555	-0.0918604466766877
1.56	-0.09190482368234715
1.565	-0.09194891245146208
1.57	-0.09199271574498274
1.575	-0.09203623629054687
1.58	-0.09207947678081319
1.585	-0.09212243987512334
1.59	-0.09216512819924484
1.595	-0.09220754434719547
1.6	-0.09224969087904218
1.605	-0.09229157032660323
1.6099999999999999	-0.09233318518775789
1.615	-0.09237453793044505
1.6199999999999999	-0.09241563099187985
1.625	-0.09245646678121112
1.63	-0.0924970476770804
1.635	-0.09253737602869523
1.64	-0.09257745415783292
1.645	-0.09261728435871137
1.65	-0.09265686889718171
1.655	-0.09269621001082212
1.66	-0.09273530991317062
1.665	-0.09277417078762613
1.67	-0.0928127947968175
1.675	-0.09285118407208247
1.68	-0.09288934072275991
1.685	-0.09292726683385473
1.69	-0.09296496446334333
1.695	-0.09300243564689488
1.7	-0.09303968239530648
1.705	-0.09307670669743794
1.71	-0.09311351051712971
1.715	-0.09315009579723989
1.72	-0.09318646445778403
1.725	-0.09322261839310658
1.73	-0.09325855948169
1.735	-0.09329428957532392
1.74	-0.09332981050826702
1.7449999999999999	-0.09336512409133543
1.75	-0.09340023211651784
1.755	-0.09343513635391093
1.76	-0.09346983855479489
1.765	-0.09350434044987858
1.77	-0.09353864375038362
1.775	-0.0935727501478075
1.78	-0.09360666131745858
1.785	-0.09364037891154227
1.79	-0.09367390456858574
1.795	-0.0937072399044533
1.8	-0.09374038652051381
1.805	-0.093773345997503
1.81	-0.09380611990154344
1.815	-0.09383870978025499
1.82	-0.09387111716250426
1.825	-0.09390334356464282
1.83	-0.09393539048219254
1.835	-0.09396725939753287
1.84	-0.0939989517736676
1.845	-0.09403046906140743
1.85	-0.09406181269349953
1.855	-0.09409298408653419
1.86	-0.09412398464606551
1.865	-0.0941548157570339
1.8699999999999999	-0.09418547879434774
1.875	-0.09421597511477445
1.88	-0.094246306062137
1.885	-0.09427647296734809
1.89	-0.09430647714292428
1.895	-0.09433631989067111
1.9	-0.09436600250141383
1.905	-0.09439552624884286
1.91	-0.09442489239003993
1.915	-0.09445410217586585
1.92	-0.09448315684151767
1.925	-0.09451205760433293
1.93	-0.09454080567950995
1.935	-0.09456940225898543
1.94	-0.09459784852863945
1.945	-0.09462614566065836
1.95	-0.09465429481461864
1.955	-0.09468229713927642
1.96	-0.09471015377087322
1.965	-0.09473786583361264
1.97	-0.09476543444035465
1.975	-0.0947928606931577
1.98	-0.09482014568434857
1.985	-0.09484729049228639
1.99	-0.0948742961858793
1.9949999999999999	-0.0949011638255163
2.	-0.09492789445606481