0.2	0.11471921270399248
0.20500000000000002	0.11125555515297185
0.21000000000000002	0.10862128219365323
0.21500000000000002	0.10658545059548573
0.22	0.10499471377517963
0.225	0.10374299361378114
0.23	0.10275445253744797
0.23500000000000001	0.10197338873481585
0.24000000000000002	0.10135796075333722
0.245	0.10087613907256182
0.25	0.10050300847463074
0.255	0.10021891972790428
0.26	0.10000819211618543
0.265	0.0998581830575133
0.27	0.09975860827697051
0.275	0.09970103666744513
0.28	0.09967850928330595
0.28500000000000003	0.09968524806646449
0.29000000000000004	0.09971643045067351
0.29500000000000004	0.09976801301719534
0.30000000000000004	0.0998365921451551
0.305	0.09991929289327717
0.31	0.10001367965911709
0.315	0.10011768380467514
0.32	0.10022954462141621
0.325	0.10034776087180627
0.33	0.10047105078225355
0.335	0.1005983188381242
0.34	0.10072862808998288
0.345	0.1008611769528393
0.35	0.10099527968934201
0.355	0.10113034992965085
0.36	0.10126588670683438
0.365	0.10140146258567193
0.37	0.10153671354102618
0.375	0.10167133030425547
0.38	0.10180505094600631
0.385	0.1019376545038878
0.39	0.10206895549603952
0.395	0.10219879918805927
0.4	0.1023270575023889
0.405	0.10245362547702322
0.41000000000000003	0.10257841819506477
0.41500000000000004	0.10270136811878748
0.42000000000000004	0.10282242277196844
0.42500000000000004	0.10294154272266952
0.43000000000000005	0.10305869982570946
0.43500000000000005	0.1031738756899882
0.44	0.10328706034082831
0.445	0.10339825105171221
0.45	0.10350745132337862
0.455	0.10361466999127801
0.46	0.10371992044498068
0.465	0.10382321994534013
0.47000000000000003	0.1039245890271098
0.47500000000000003	0.10402405097633392
0.48000000000000004	0.1041216313732285
0.48500000000000004	0.10421735769247069
0.49	0.10431125895384992
0.495	0.10440336541713219
0.5	0.10449370831576174
0.505	0.10458231962469858
0.51	0.10466923185827229
0.515	0.10475447789444188
0.52	0.10483809082229072
0.525	0.10492010380997624
0.53	0.10500054999068184
0.535	0.10507946236442285
0.54	0.10515687371380687
0.545	0.10523281653207929
0.55	0.10530732296198052
0.5549999999999999	0.10538042474411619
0.56	0.1054521531736936
0.565	0.10552253906460914
0.5700000000000001	0.10559161271999652
0.575	0.10565940390843874
0.5800000000000001	0.10572594184515315
0.585	0.10579125517752035
0.5900000000000001	0.10585537197442028
0.595	0.10591831971889018
0.6000000000000001	0.10598012530366724
0.605	0.10604081502924843
0.6100000000000001	0.10610041460413142
0.615	0.1061589491469304
0.62	0.10621644319012015
0.625	0.10627292068516045
0.63	0.10632840500881176
0.635	0.10638291897044942
0.64	0.10643648482022498
0.645	0.10648912425792344
0.65	0.1065408584424143
0.655	0.10659170800155254
0.66	0.1066416930424712
0.665	0.10669083316215083
0.67	0.10673914745821243
0.675	0.10678665453985607
0.6799999999999999	0.10683337253889609
0.685	0.1068793191208412
0.69	0.10692451149597397
0.6950000000000001	0.10696896643039926
0.7	0.10701270025702071
0.7050000000000001	0.10705572888642971
0.71	0.10709806781766479
0.7150000000000001	0.10713973214884585
0.72	0.10718073658764452
0.7250000000000001	0.10722109546158916
0.73	0.10726082272818424
0.7350000000000001	0.10729993198484895
0.74	0.10733843647864987
0.7450000000000001	0.1073763491158288
0.75	0.10741368247113352
0.7550000000000001	0.1074504487969223
0.76	0.10748666003206438
0.7650000000000001	0.10752232781062938
0.77	0.10755746347035207
0.7750000000000001	0.10759207806088997
0.78	0.10762618235186787
0.7849999999999999	0.10765978684071055
0.79	0.10769290176026616
0.7949999999999999	0.10772553708622491
0.8	0.1077577025443357
0.8049999999999999	0.10778940761742306
0.81	0.10782066155220818
0.815	0.10785147336593094
0.8200000000000001	0.10788185185279854
0.825	0.10791180559023963
0.8300000000000001	0.10794134294497343
0.835	0.10797047207891718
0.8400000000000001	0.10799920095491204
0.845	0.10802753734227812
0.8500000000000001	0.1080554888222224
0.855	0.10808306279307231
0.8600000000000001	0.10811026647535404
0.865	0.10813710691673395
0.8700000000000001	0.10816359099679755
0.875	0.10818972543170341
0.8800000000000001	0.10821551677868715
0.885	0.10824097144042133
0.8900000000000001	0.10826609566927006
0.895	0.10829089557140509
0.9000000000000001	0.10831537711078519
0.905	0.10833954611303796
0.9099999999999999	0.10836340826921535
0.915	0.10838696913943656
0.9199999999999999	0.1084102341564278
0.925	0.10843320862893636
0.9299999999999999	0.10845589774509662
0.935	0.10847830657560455
0.94	0.10850044007690819
0.9450000000000001	0.10852230309420753
0.95	0.10854390036440639
0.9550000000000001	0.1085652365190068
0.96	0.10858631608684016
0.9650000000000001	0.10860714349679897
0.97	0.10862772308045016
0.9750000000000001	0.10864805907454261
0.98	0.10866815562351294
0.9850000000000001	0.10868801678184796
0.99	0.1087076465164098
0.9950000000000001	0.10872704870872282
1.	0.10874622715711439
1.0050000000000001	0.10876518557887163
1.01	0.10878392761229332
1.0150000000000001	0.10880245681870726
1.02	0.1088207766843819
1.0250000000000001	0.10883889062247988
1.03	0.10885680197482246
1.035	0.10887451401370717
1.04	0.10889202994365842
1.045	0.10890935290308643
1.05	0.10892648596590684
1.055	0.10894343214316964
1.06	0.1089601943845845
1.065	0.10897677558001691
1.07	0.1089931785609457
1.075	0.10900940610189794
1.08	0.109025460921821
1.085	0.10904134568540617
1.09	0.10905706300439225
1.095	0.10907261543887861
1.1	0.10908800549851007
1.105	0.10910323564364603
1.11	0.10911830828664439
1.115	0.10913322579286047
1.12	0.1091479904818314
1.125	0.10916260462830422
1.1300000000000001	0.10917707046333437
1.135	0.10919139017524815
1.1400000000000001	0.10920556591065936
1.145	0.10921959977541655
1.1500000000000001	0.1092334938355276
1.155	0.10924725011815065
1.16	0.10926087061236041
1.165	0.10927435727008893
1.17	0.10928771200696348
1.175	0.10930093670308526
1.18	0.10931403320388829
1.185	0.10932700332086316
1.19	0.10933984883232871
1.195	0.10935257148419095
1.2	0.10936517299060104
1.205	0.10937765503475601
1.21	0.10939001926946684
1.215	0.10940226731788928
1.22	0.10941440077419284
1.2249999999999999	0.10942642120411153
1.23	0.10943833014562997
1.2349999999999999	0.10945012910954496
1.24	0.10946181958007484
1.2449999999999999	0.10947340301539749
1.25	0.109484880848215
1.255	0.10949625448633249
1.26	0.10950752531316055
1.265	0.1095186946882125
1.27	0.10952976394758815
1.275	0.10954073440455893
1.28	0.10955160734995376
1.285	0.10956238405259239
1.29	0.10957306575995314
1.295	0.1095836536983389
1.3	0.10959414907350222
1.305	0.10960455307094386
1.31	0.10961486685646984
1.315	0.10962509157644876
1.32	0.10963522835827005
1.325	0.10964527831073277
1.33	0.10965524252445694
1.335	0.10966512207214071
1.34	0.1096749180089829
1.345	0.10968463137309843
1.35	0.10969426318569447
1.355	0.10970381445159101
1.3599999999999999	0.1097132861594141
1.365	0.1097226792819369
1.3699999999999999	0.10973199477646499
1.375	0.10974123358496614
1.38	0.1097503966346224
1.385	0.10975948483791122
1.39	0.10976849909296646
1.395	0.10977744028378277
1.4	0.10978630928067143
1.405	0.10979510694030861
1.41	0.1098038341060856
1.415	0.10981249160844639
1.42	0.10982108026492715
1.425	0.10982960088060004
1.43	0.10983805424823259
1.435	0.10984644114842312
1.44	0.10985476235008851
1.445	0.10986301861036045
1.45	0.10987121067498301
1.455	0.1098793392785079
1.46	0.10988740514457986
1.465	0.10989540898586961
1.47	0.10990335150457967
1.475	0.1099112333925321
1.48	0.10991905533111361
1.4849999999999999	0.10992681799204312
1.49	0.10993452203680809
1.4949999999999999	0.10994216811752468
1.5	0.10994975687657182
1.505	0.10995728894726377
1.51	0.10996476495347204
1.515	0.10997218551018591
1.52	0.10997955122364568
1.525	0.10998686269131862
1.53	0.10999412050218814
1.535	0.11000132523664782
1.54	0.1100084774672956
1.545	0.11001557775808675
1.55	0.11002262666550992
1.555	0.11002962473790646
1.56	0.11003657251615137
1.565	0.11004347053355161
1.57	0.1100503193157699
1.575	0.11005711938147143
1.58	0.11006387124203022
1.585	0.11007057540178697
1.59	0.11007723235803556
1.595	0.11008384260160776
1.6	0.11009040661609436
1.605	0.1100969248790563
1.6099999999999999	0.1101033978613384
1.615	0.11010982602747026
1.6199999999999999	0.11011620983546204
1.625	0.11012254973769849
1.63	0.11012884618002043
1.635	0.11013509960258495
1.64	0.11014131043949976
1.645	0.11014747911953303
1.65	0.11015360606528113
1.655	0.110159691693926
1.66	0.11016573641741638
1.665	0.11017174064194366
1.67	0.11017770476874057
1.675	0.1101836291934916
1.68	0.1101895143069641
1.685	0.11019536049497906
1.69	0.11020116813785748
1.695	0.11020693761170092
1.7	0.11021266928716754
1.705	0.11021836353093632
1.71	0.11022402070408821
1.715	0.11022964116383273
1.72	0.11023522526281257
1.725	0.11024077334861329
1.73	0.11024628576510291
1.735	0.11025176285152495
1.74	0.11025720494279571
1.7449999999999999	0.11026261237007219
1.75	0.11026798545995553
1.755	0.11027332453515658
1.76	0.11027862991446251
1.765	0.11028390191252781
1.77	0.11028914084036306
1.775	0.11029434700497395
1.78	0.11029952070990402
1.785	0.1103046622545595
1.79	0.11030977193526476
1.795	0.11031485004421698
1.8	0.11031989687019446
1.805	0.11032491269889734
1.81	0.11032989781208548
1.815	0.1103348524886513
1.82	0.11033977700343427
1.825	0.11034467162874867
1.83	0.11034953663328734
1.835	0.1103543722825541
1.84	0.11035917883915916
1.845	0.11036395656250757
1.85	0.11036870570841076
1.855	0.11037342653070602
1.86	0.11037811927951285
1.865	0.11038278420228641
1.8699999999999999	0.11038742154367022
1.875	0.11039203154547438
1.88	0.11039661444610777
1.885	0.11040117048262316
1.89	0.11040569988761635
1.895	0.11041020289217374
1.9	0.11041467972472518
1.905	0.11041913061091169
1.91	0.11042355577309333
1.915	0.11042795543206187
1.92	0.11043232980599098
1.925	0.11043667911014173
1.93	0.11044100355784423
1.935	0.11044530335956856
1.94	0.11044957872384752
1.945	0.11045382985665839
1.95	0.11045805696168332
1.955	0.11046226024046026
1.96	0.11046643989233701
1.965	0.11047059611411082
1.97	0.11047472910079528
1.975	0.11047883904526046
1.98	0.1104829261379102
1.985	0.1104869905675349
1.99	0.11049103252044197
1.9949999999999999	0.1104950521814965
2.	0.11049904973252712