0.2	1.4088258974870576
0.20500000000000002	0.6144922085616344
0.21000000000000002	0.41010312411713423
0.21500000000000002	0.3166631459730111
0.22	0.26326198169941367
0.225	0.22879458438426928
0.23	0.20476566533374552
0.23500000000000001	0.1870963037946131
0.24000000000000002	0.1735843753786793
0.245	0.16293664538624605
0.25	0.15434386064611158
0.255	0.1472738322061184
0.26	0.14136231008352065
0.265	0.1363516656457311
0.27	0.1320546087162486
0.275	0.12833177415231872
0.28	0.12507736282183707
0.28500000000000003	0.12220965089880184
0.29000000000000004	0.1196645447654027
0.29500000000000004	0.1173910991640962
0.30000000000000004	0.11534833462938826
0.305	0.11350293505306003
0.31	0.11182755397403321
0.315	0.11029954980825055
0.32	0.10890002846723963
0.325	0.10761310965142609
0.33	0.10642535818599824
0.335	0.10532533869888705
0.34	0.10430326356232864
0.345	0.1033507121195874
0.35	0.10246040494401591
0.355	0.10162602097783457
0.36	0.10084204836990741
0.365	0.10010366201019548
0.37	0.09940662237213921
0.375	0.09874719148116622
0.38	0.09812206273862158
0.385	0.09752830202412996
0.39	0.09696329803188244
0.395	0.09642472020819476
0.4	0.09591048297852268
0.405	0.09541871520378549
0.41000000000000003	0.094947734004494
0.41500000000000004	0.09449602224896513
0.42000000000000004	0.09406220912793822
0.42500000000000004	0.09364505333914984
0.43000000000000005	0.09324342848716148
0.43500000000000005	0.09285631037006466
0.44	0.09248276587877266
0.445	0.09212194327888863
0.45	0.09177306368158147
0.455	0.09143541353997695
0.46	0.09110833803253449
0.465	0.09079123521562943
0.47000000000000003	0.09048355084492275
0.47500000000000003	0.0901847737796248
0.48000000000000004	0.08989443189599867
0.48500000000000004	0.0896120884467552
0.49	0.0893373388117282
0.495	0.08906980759262206
0.5	0.08880914601094067
0.505	0.08855502957356877
0.51	0.0883071559751048
0.515	0.08806524320997948
0.52	0.08782902787079301
0.525	0.08759826361224704
0.53	0.08737271976253906
0.535	0.08715218006633306
0.54	0.08693644154526739
0.545	0.08672531346363638
0.55	0.08651861638832291
0.5549999999999999	0.08631618133331068
0.56	0.08611784898019091
0.565	0.08592346896706339
0.5700000000000001	0.08573289923905111
0.575	0.08554600545439839
0.5800000000000001	0.08536266044079265
0.585	0.08518274369708186
0.5900000000000001	0.08500614093611944
0.595	0.08483274366488067
0.6000000000000001	0.08466244879839438
0.605	0.08449515830441927
0.6100000000000001	0.08433077887607539
0.615	0.08416922162991053
0.62	0.08401040182718464
0.625	0.0838542386162985
0.63	0.08370065479457788
0.635	0.08354957658771038
0.64	0.08340093344536838
0.645	0.08325465785162608
0.65	0.0831106851490031
0.655	0.08296895337490746
0.66	0.08282940310959519
0.665	0.08269197733460469
0.67	0.08255662130090365
0.675	0.08242328240594643
0.6799999999999999	0.08229191007894829
0.685	0.08216245567376779
0.69	0.08203487236875627
0.6950000000000001	0.08190911507311457
0.7	0.08178514033920177
0.7050000000000001	0.0816629062804214
0.71	0.08154237249418929
0.7150000000000001	0.08142349998969585
0.72	0.0813062511200707
0.7250000000000001	0.0811905895186443
0.73	0.08107648003897835
0.7350000000000001	0.08096388869852378
0.74	0.08085278262546285
0.7450000000000001	0.08074313000868928
0.75	0.08063490005063316
0.7550000000000001	0.08052806292271482
0.76	0.0804225897233227
0.7650000000000001	0.08031845243810085
0.77	0.08021562390239668
0.7750000000000001	0.08011407776572561
0.78	0.08001378845818499
0.7849999999999999	0.07991473115856886
0.79	0.07981688176417465
0.7949999999999999	0.07972021686222497
0.8	0.07962471370266386
0.8049999999999999	0.07953035017237967
0.81	0.07943710477071045
0.815	0.0793449565861339
0.8200000000000001	0.07925388527413402
0.825	0.07916387103615803
0.8300000000000001	0.07907489459946149
0.835	0.07898693719807401
0.8400000000000001	0.07889998055453623
0.845	0.07881400686254961
0.8500000000000001	0.07872899877035854
0.855	0.07864493936499281
0.8600000000000001	0.07856181215710085
0.865	0.07847960106648706
0.8700000000000001	0.07839829040836306
0.875	0.07831786488015238
0.8800000000000001	0.07823830954881174
0.885	0.078159609838737
0.8900000000000001	0.07808175152020988
0.895	0.07800472069831668
0.9000000000000001	0.07792850380222927
0.905	0.07785308757512754
0.9099999999999999	0.07777845906427935
0.915	0.07770460561172624
0.9199999999999999	0.07763151484533097
0.925	0.07755917466988604
0.9299999999999999	0.07748757325911154
0.935	0.07741669904732842
0.94	0.07734654072206981
0.9450000000000001	0.07727708721640117
0.95	0.07720832770199242
0.9550000000000001	0.07714025158222276
0.96	0.07707284848546707
0.9650000000000001	0.07700610825885869
0.97	0.07694002096215596
0.9750000000000001	0.07687457686174952
0.98	0.0768097664249965
0.9850000000000001	0.07674558031482821
0.99	0.07668200938418115
0.9950000000000001	0.07661904467127315
1.	0.07655667739423615
1.0050000000000001	0.07649489894664017
1.01	0.07643370089280398
1.0150000000000001	0.07637307496326207
1.02	0.07631301305046995
1.0250000000000001	0.07625350720481154
1.03	0.07619454963030198
1.035	0.07613613268085773
1.04	0.07607824885655416
1.045	0.07602089079986471
1.05	0.07596405129204045
1.055	0.07590772325002357
1.06	0.0758518997228418
1.065	0.07579657388832638
1.07	0.07574173905036877
1.075	0.07568738863547876
1.08	0.07563351619016669
1.085	0.07558011537803046
1.09	0.07552717997671013
1.095	0.07547470387570156
1.1	0.07542268107350081
1.105	0.07537110567487987
1.11	0.07531997188896519
1.115	0.07526927402639826
1.12	0.07521900649728448
1.125	0.07516916380860451
1.1300000000000001	0.0751197405626833
1.135	0.07507073145449517
1.1400000000000001	0.07502213126970561
1.145	0.0749739348829504
1.1500000000000001	0.07492613725548929
1.155	0.07487873343382542
1.16	0.0748317185472905
1.165	0.0747850878066212
1.17	0.07473883650229697
1.175	0.07469296000241615
1.18	0.07464745375145043
1.185	0.07460231326840201
1.19	0.07455753414558981
1.195	0.07451311204651725
1.2	0.07446904270504427
1.205	0.07442532192339654
1.21	0.07438194557107006
1.215	0.07433890958346834
1.22	0.0742962099604777
1.2249999999999999	0.07425384276495936
1.23	0.07421180412200774
1.2349999999999999	0.07417009021705212
1.24	0.07412869729529457
1.2449999999999999	0.07408762165994277
1.25	0.07404685967152545
1.255	0.07400640774635371
1.26	0.07396626235598645
1.265	0.07392642002569921
1.27	0.07388687733324235
1.275	0.07384763090873621
1.28	0.07380867743251274
1.285	0.07377001363480146
1.29	0.07373163629536296
1.295	0.07369354224109717
1.3	0.0736557283464694
1.305	0.07361819153147471
1.31	0.07358092876234672
1.315	0.07354393704865511
1.32	0.07350721344452621
1.325	0.07347075504663024
1.33	0.07343455899332633
1.335	0.0733986224648372
1.34	0.07336294268086423
1.345	0.07332751690239461
1.35	0.07329234242843508
1.355	0.0732574165961818
1.3599999999999999	0.07322273678144525
1.365	0.07318830039610616
1.3699999999999999	0.07315410488891097
1.375	0.07312014774424902
1.38	0.07308642648124658
1.385	0.07305293865378211
1.39	0.07301968184964407
1.395	0.07298665368943875
1.4	0.07295385182700084
1.405	0.07292127394838327
1.41	0.07288891776996172
1.415	0.07285678104093744
1.42	0.07282486153927333
1.425	0.07279315707439016
1.43	0.0727616654842574
1.435	0.07273038463568124
1.44	0.07269931242481835
1.445	0.07266844677528125
1.45	0.07263778563792687
1.455	0.07260732699122242
1.46	0.07257706883977527
1.465	0.07254700921492852
1.47	0.07251714617344093
1.475	0.07248747779752795
1.48	0.07245800219372713
1.4849999999999999	0.0724287174943437
1.49	0.07239962185441005
1.4949999999999999	0.07237071345337251
1.5	0.07234199049419619
1.505	0.07231345120268175
1.51	0.07228509382666715
1.515	0.07225691663666366
1.52	0.07222891792563856
1.525	0.07220109600646575
1.53	0.07217344921532297
1.535	0.07214597590736212
1.54	0.07211867446003417
1.545	0.0720915432687004
1.55	0.07206458075090784
1.555	0.07203778534259457
1.56	0.07201115549932753
1.565	0.07198468969565831
1.57	0.07195838642400415
1.575	0.07193224419661737
1.58	0.07190626154296745
1.585	0.071880437010707
1.59	0.07185476916456202
1.595	0.07182925658743049
1.6	0.07180389787739991
1.605	0.07177869165269604
1.6099999999999999	0.07175363654527267
1.615	0.07172873120411045
1.6199999999999999	0.07170397429372698
1.625	0.07167936449607615
1.63	0.07165490050753093
1.635	0.07163058103919985
1.64	0.07160640481834976
1.645	0.07158237058753017
1.65	0.07155847710326563
1.655	0.07153472313542777
1.66	0.07151110747086979
1.665	0.07148762890679107
1.67	0.07146428625939819
1.675	0.07144107835295024
1.68	0.07141800402836103
1.685	0.07139506214035475
1.69	0.07137225155421173
1.695	0.071349571149972
1.7	0.0713270198192864
1.705	0.07130459646790833
1.71	0.07128230001199332
1.715	0.07126012938171805
1.72	0.07123808351887484
1.725	0.0712161613736269
1.73	0.07119436191371208
1.735	0.0711726841132758
1.74	0.07115112696144096
1.7449999999999999	0.07112968945605537
1.75	0.07110837060777975
1.755	0.07108716943661748
1.76	0.07106608497455158
1.765	0.0710451162633539
1.77	0.07102426235526015
1.775	0.07100352231231487
1.78	0.07098289520947505
1.785	0.07096238012738489
1.79	0.07094197616126342
1.795	0.07092168241168133
1.8	0.07090149799222877
1.805	0.07088142202312765
1.81	0.07086145363671115
1.815	0.07084159197337736
1.82	0.07082183618082341
1.825	0.07080218541997746
1.83	0.07078263885637939
1.835	0.07076319566747032
1.84	0.07074385503611237
1.845	0.07072461615730019
1.85	0.07070547823212085
1.855	0.07068644046922556
1.86	0.07066750208967909
1.865	0.07064866231713623
1.8699999999999999	0.07062992038800532
1.875	0.07061127554310108
1.88	0.07059272703257458
1.885	0.07057427411556444
1.89	0.07055591605456647
1.895	0.07053765212271014
1.9	0.07051948160322155
1.905	0.07050140378309383
1.91	0.07048341795328948
1.915	0.07046552341881047
1.92	0.07044771948906442
1.925	0.07043000547546407
1.93	0.07041238070666524
1.935	0.07039484450755244
1.94	0.07037739621584142
1.945	0.07036003517447212
1.95	0.07034276073223628
1.955	0.07032557224556016
1.96	0.07030846907638094
1.965	0.07029145059250949
1.97	0.07027451616808124
1.975	0.07025766518384294
1.98	0.0702408970280036
1.985	0.07022421109190326
1.99	0.07020760677414027
1.9949999999999999	0.07019108348139627
2.	0.07017464062127114