0.2	0.44540894762202593
0.20500000000000002	0.29669769502158744
0.21000000000000002	0.2444260326477894
0.21500000000000002	0.216552830032108
0.22	0.19904118811028634
0.225	0.18701470864876021
0.23	0.17828162452247956
0.23500000000000001	0.17169510623655548
0.24000000000000002	0.16659092506132347
0.245	0.1625552118674538
0.25	0.1593154620377783
0.255	0.1566843320836697
0.26	0.1545284773260045
0.265	0.1527502457460726
0.27	0.15127640429744377
0.275	0.15005091757337716
0.28	0.14903016554302181
0.28500000000000003	0.14817968471054008
0.29000000000000004	0.14747189162175806
0.29500000000000004	0.14688445765176578
0.30000000000000004	0.1463991262500092
0.305	0.14600083734863306
0.31	0.1456770691675717
0.315	0.14541733657578745
0.32	0.14521280397541456
0.325	0.14505598316117715
0.33	0.14494049505413065
0.335	0.14486088002211453
0.34	0.1448124455636657
0.345	0.1447911430150483
0.35	0.14479346701233667
0.355	0.14481637294854413
0.36	0.14485720877583674
0.365	0.14491365832870576
0.37	0.144983693964465
0.375	0.14506553678801062
0.38	0.14515762308775385
0.385	0.14525857588727634
0.39	0.14536718073303448
0.395	0.14548236500736283
0.4	0.14560318018917473
0.405	0.1457287865903885
0.41000000000000003	0.1458584401804204
0.41500000000000004	0.14599148117877309
0.42000000000000004	0.14612732415039476
0.42500000000000004	0.14626544938282157
0.43000000000000005	0.14640539536028363
0.43500000000000005	0.14654675217957866
0.44	0.1466891557769163
0.445	0.14683228285508543
0.45	0.14697584641704306
0.455	0.1471195918259552
0.46	0.14726329332339352
0.465	0.14740675094717182
0.47000000000000003	0.14754978779855885
0.47500000000000003	0.147692247615565
0.48000000000000004	0.1478339926149107
0.48500000000000004	0.14797490157030063
0.49	0.1481148680989122
0.495	0.14825379913166584
0.5	0.1483916135459818
0.505	0.1485282409424221
0.51	0.1486636205489448
0.515	0.1487977002384978
0.52	0.148930435647417
0.525	0.1490617893836049
0.53	0.14919173031475916
0.535	0.1493202329280815
0.54	0.14944727675387146
0.545	0.14957284584629157
0.55	0.14969692831534323
0.5549999999999999	0.14981951590477022
0.56	0.14994060361117895
0.565	0.1500601893401965
0.5700000000000001	0.1501782735959296
0.575	0.15029485920039443
0.5800000000000001	0.15040995103994861
0.585	0.15052355583605376
0.5900000000000001	0.15063568193799737
0.595	0.15074633913543115
0.6000000000000001	0.1508555384888116
0.605	0.1509632921760254
0.6100000000000001	0.15106961335365646
0.615	0.15117451603149068
0.62	0.15127801495902476
0.625	0.15138012552283292
0.63	0.15148086365379243
0.635	0.1515802457432313
0.64	0.15167828856718263
0.645	0.151775009217985
0.65	0.15187042504257237
0.655	0.1519645535868014
0.66	0.15205741254530866
0.665	0.1521490197163526
0.67	0.15223939296121122
0.675	0.15232855016770686
0.6799999999999999	0.15241650921748792
0.685	0.15250328795673412
0.69	0.1525889041699518
0.6950000000000001	0.15267337555660979
0.7	0.15275671971032873
0.7050000000000001	0.15283895410042014
0.71	0.15292009605553034
0.7150000000000001	0.15300016274922737
0.72	0.1530791711873401
0.7250000000000001	0.15315713819688928
0.73	0.15323408041645575
0.7350000000000001	0.1533100142878916
0.74	0.15338495604918997
0.7450000000000001	0.1534589217284616
0.75	0.15353192713888875
0.7550000000000001	0.15360398787455862
0.76	0.15367511930711292
0.7650000000000001	0.1537453365831272
0.77	0.15381465462214258
0.7750000000000001	0.15388308811528986
0.78	0.15395065152447043
0.7849999999999999	0.15401735908199307
0.79	0.15408322479065634
0.7949999999999999	0.15414826242424007
0.8	0.15421248552831723
0.8049999999999999	0.15427590742139527
0.81	0.15433854119633816
0.815	0.1544003997220237
0.8200000000000001	0.15446149564523626
0.825	0.15452184139275674
0.8300000000000001	0.15458144917359104
0.835	0.1546403309813944
0.8400000000000001	0.15469849859699403
0.845	0.15475596359104232
0.8500000000000001	0.15481273732674677
0.855	0.1548688309627169
0.8600000000000001	0.15492425545584237
0.865	0.15497902156423363
0.8700000000000001	0.15503313985023945
0.875	0.1550866206834819
0.8800000000000001	0.1551394742439013
0.885	0.15519171052483344
0.8900000000000001	0.15524333933610932
0.895	0.15529437030715532
0.9000000000000001	0.1553448128900598
0.905	0.15539467636269916
0.9099999999999999	0.15544396983176811
0.915	0.15549270223586772
0.9199999999999999	0.15554088234856334
0.925	0.15558851878132535
0.9299999999999999	0.15563561998662662
0.935	0.15568219426079397
0.94	0.15572824974704064
0.9450000000000001	0.15577379443826686
0.95	0.15581883617998976
0.9550000000000001	0.15586338267314914
0.96	0.15590744147686178
0.9650000000000001	0.15595102001120473
0.97	0.15599412555992134
0.9750000000000001	0.15603676527305987
0.98	0.15607894616960513
0.9850000000000001	0.15612067514009462
0.99	0.15616195894906806
0.9950000000000001	0.15620280423769523
1.	0.1562432175260853
1.0050000000000001	0.1562832052157962
1.01	0.1563227735921722
1.0150000000000001	0.15636192882664393
1.02	0.1564006769790122
1.0250000000000001	0.15643902399974005
1.03	0.15647697573206154
1.035	0.15651453791418968
1.04	0.1565517161814353
1.045	0.1565885160682417
1.05	0.1566249430101864
1.055	0.15666100234608085
1.06	0.15669669931982172
1.065	0.15673203908228042
1.07	0.15676702669329515
1.075	0.15680166712336435
1.08	0.15683596525554294
1.085	0.15686992588717666
1.09	0.15690355373152853
1.095	0.15693685341962307
1.1	0.15696982950180993
1.105	0.15700248644931525
1.11	0.15703482865599086
1.115	0.1570668604397141
1.12	0.15709858604398425
1.125	0.15713000963929283
1.1300000000000001	0.1571611353247883
1.135	0.15719196712950445
1.1400000000000001	0.15722250901378743
1.145	0.15725276487074527
1.1500000000000001	0.15728273852745042
1.155	0.157312433746408
1.16	0.1573418542266467
1.165	0.15737100360508177
1.17	0.15739988545776767
1.175	0.15742850330095132
1.18	0.15745686059237404
1.185	0.1574849607323382
1.19	0.1575128070649422
1.195	0.15754040287897972
1.2	0.1575677514092236
1.205	0.1575948558372972
1.21	0.1576217192928055
1.215	0.157648344854345
1.22	0.15767473555045258
1.2249999999999999	0.15770089436050996
1.23	0.15772682421584783
1.2349999999999999	0.1577525280004628
1.24	0.15777800855212498
1.2449999999999999	0.15780326866306937
1.25	0.15782831108101247
1.255	0.1578531385098611
1.26	0.1578777536107244
1.265	0.15790215900257026
1.27	0.1579263572629572
1.275	0.15795035092910178
1.28	0.1579741424982635
1.285	0.15799773442870407
1.29	0.15802112914059477
1.295	0.15804432901626178
1.3	0.1580673364013094
1.305	0.15809015360493459
1.31	0.15811278290109695
1.315	0.15813522652851456
1.32	0.15815748669195656
1.325	0.15817956556248783
1.33	0.1582014652780596
1.335	0.15822318794441217
1.34	0.15824473563513966
1.345	0.15826611039308636
1.35	0.15828731423008918
1.355	0.15830834912781094
1.3599999999999999	0.15832921703864633
1.365	0.1583499198856403
1.3699999999999999	0.15837045956348486
1.375	0.15839083793883413
1.38	0.1584110568507185
1.385	0.15843111811123742
1.39	0.15845102350595047
1.395	0.1584707747942013
1.4	0.15849037370988256
1.405	0.1585098219617435
1.41	0.15852912123340174
1.415	0.1585482731847574
1.42	0.15856727945127358
1.425	0.1585861416454327
1.43	0.15860486135635887
1.435	0.15862344015048424
1.44	0.15864187957224998
1.445	0.15866018114403907
1.45	0.15867834636663503
1.455	0.15869637671984607
1.46	0.15871427366254515
1.465	0.1587320386333583
1.47	0.15874967305071772
1.475	0.15876717831335158
1.48	0.15878455580039516
1.4849999999999999	0.1588018068722988
1.49	0.15881893287030624
1.4949999999999999	0.1588359351174358
1.5	0.15885281491862396
1.505	0.15886957356092296
1.51	0.15888621231366534
1.515	0.1589027324290666
1.52	0.1589191351425633
1.525	0.15893542167237898
1.53	0.15895159322099253
1.535	0.15896765097414609
1.54	0.15898359610224214
1.545	0.15899942975934703
1.55	0.15901515308486713
1.555	0.1590307672027156
1.56	0.1590462732220361
1.565	0.1590616722373262
1.57	0.1590769653284349
1.575	0.15909215356146875
1.58	0.15910723798831536
1.585	0.15912221964723927
1.59	0.1591370995628412
1.595	0.15915187874669862
1.6	0.15916655819671932
1.605	0.15918113889899346
1.6099999999999999	0.15919562182604993
1.615	0.1592100079381691
1.6199999999999999	0.15922429818319367
1.625	0.15923849349738928
1.63	0.1592525948047507
1.635	0.15926660301737544
1.64	0.1592805190361352
1.645	0.15929434375068396
1.65	0.1593080780392541
1.655	0.15932172276872644
1.66	0.159335278795994
1.665	0.15934874696609963
1.67	0.15936212811521114
1.675	0.15937542306736846
1.68	0.15938863263742512
1.685	0.15940175763036513
1.69	0.15941479884049536
1.695	0.15942775705295648
1.7	0.15944063304296266
1.705	0.1594534275767592
1.71	0.15946614141067603
1.715	0.15947877529244814
1.72	0.15949132996065157
1.725	0.15950380614386322
1.73	0.15951620456375726
1.735	0.15952852593174452
1.74	0.1595407709518776
1.7449999999999999	0.1595529403190289
1.75	0.15956503472036512
1.755	0.1595770548344225
1.76	0.15958900133208853
1.765	0.15960087487609703
1.77	0.1596126761213812
1.775	0.1596244057150309
1.78	0.15963606429742971
1.785	0.15964765250012192
1.79	0.15965917094877255
1.795	0.1596706202603998
1.8	0.15968200104593896
1.805	0.15969331390836775
1.81	0.15970455944458273
1.815	0.15971573824424518
1.82	0.15972685088969474
1.825	0.15973789795794102
1.83	0.15974888001807472
1.835	0.15975979763370077
1.84	0.15977065136101365
1.845	0.15978144175105521
1.85	0.15979216934791424
1.855	0.15980283468931603
1.86	0.1598134383082834
1.865	0.1598239807301306
1.8699999999999999	0.1598344624758043
1.875	0.15984488405936126
1.88	0.15985524598962259
1.885	0.15986554877018622
1.89	0.1598757928977554
1.895	0.15988597886453174
1.9	0.15989610715815894
1.905	0.15990617825982412
1.91	0.15991619264443677
1.915	0.1599261507838796
1.92	0.15993605314408701
1.925	0.15994590018437305
1.93	0.15995569236234966
1.935	0.15996543012736403
1.94	0.1599751139258607
1.945	0.1599847441990374
1.95	0.1599943213831714
1.955	0.16000384591022887
1.96	0.1600133182073122
1.965	0.1600227386968461
1.97	0.16003210779680405
1.975	0.16004142592088821
1.98	0.16005069347887274
1.985	0.16005991087530894
1.99	0.16006907851093327
1.9949999999999999	0.1600781967829765
2.	0.16008726608299287