0.2	-2.774245317644529
0.20500000000000002	-2.9742566040110834
0.21000000000000002	-3.2044914589597644
0.21500000000000002	-3.472250184787376
0.22	-3.7874137980345908
0.225	-4.163687476021525
0.23	-4.620640379923872
0.23500000000000001	-5.18720809250287
0.24000000000000002	-5.908047315039365
0.24500000000000002	-6.855878319860397
0.25	-8.157623751064918
0.255	-10.05645468165404
0.26	-13.084378947503517
0.265	-18.672180436669695
0.27	-32.435051579523886
0.275	-121.06707637383197
0.28	70.67452339837826
0.28500000000000003	27.481346262796094
0.29000000000000004	17.109308971255388
0.29500000000000004	12.450551493658518
0.30000000000000004	9.805071628001778
0.305	8.100582102858741
0.31	6.911501727759243
0.315	6.035289233266221
0.32	5.363253382288255
0.325	4.83183633986201
0.33	4.401388852469814
0.33499999999999996	4.045893365259965
0.34	3.747568421140663
0.34500000000000003	3.4938478605487573
0.35000000000000003	3.2755987266673614
0.35500000000000004	3.0860231914306278
0.36000000000000004	2.9199566171538813
0.36500000000000005	2.7734044862323364
0.37	2.6432284563391604
0.375	2.5269283681274053
0.38	2.4224876499974295
0.385	2.3282616042079183
0.39	2.2428953105766727
0.395	2.1652623741733446
0.4	2.0944185929668975
0.405	2.029566470406431
0.41000000000000003	1.970027722073892
0.41500000000000004	1.9152217509839655
0.42000000000000004	1.8646486320767852
0.42500000000000004	1.8178755405154357
0.43000000000000005	1.7745258366813823
0.43500000000000005	1.7342702198607636
0.44000000000000006	1.6968195067981706
0.445	1.661918696890491
0.45	1.629342063944467
0.455	1.5988890728301095
0.46	1.5703809634178099
0.465	1.5436578777041041
0.47000000000000003	1.5185764317378612
0.475	1.495007653825789
0.48000000000000004	1.4728352259615662
0.48500000000000004	1.451953977543315
0.49000000000000005	1.4322685900051775
0.49500000000000005	1.4136924785763814
0.5	1.3961468234382022
0.505	1.3795597274109699
0.51	1.3638654812261801
0.515	1.3490039206199498
0.52	1.3349198620763434
0.525	1.3215626061709795
0.53	1.308885499209701
0.535	1.296845545297571
0.54	1.2854030621671921
0.545	1.2745213750888376
0.55	1.2641665440146947
0.555	1.2543071198049773
0.56	1.244913925968664
0.5650000000000001	1.235959862845196
0.5700000000000001	1.227419731571502
0.5750000000000001	1.2192700755333452
0.5800000000000001	1.2114890373024823
0.585	1.204056229318993
0.59	1.1969526167994433
0.595	1.1901604115413196
0.6	1.183662975457647
0.605	1.1774447328168998
0.61	1.171491090285335
0.615	1.1657883639749211
0.62	1.1603237127919306
0.625	1.155085077461661
0.63	1.1500611246747072
0.635	1.1452411958615223
0.64	1.1406152601556878
0.645	1.1361738711536256
0.65	1.131908127119987
0.655	1.1278096343244663
0.66	1.123870473228501
0.665	1.1200831672684706
0.67	1.116440654007961
0.675	1.112936258453706
0.68	1.109563668350251
0.685	1.106316911286053
0.69	1.103190333459754
0.695	1.1001785799695538
0.7	1.0972765765015007
0.705	1.0944795123037125
0.71	1.0917828243440637
0.715	1.0891821825578256
0.72	1.086673476100297
0.7250000000000001	1.0842528005267487
0.7300000000000001	1.0819164458287327
0.7350000000000001	1.0796608852621452
0.7400000000000001	1.0774827649075853
0.7450000000000001	1.0753788939087816
0.7500000000000001	1.0733462353393586
0.7550000000000001	1.0713818976521456
0.76	1.0694831266691496
0.765	1.0676472980736356
0.77	1.0658719103687282
0.775	1.064154578269975
0.78	1.062493026501638
0.785	1.0608850839690236
0.79	1.0593286782811107
0.7949999999999999	1.0578218305999227
0.7999999999999999	1.0563626507945636
0.8049999999999999	1.0549493328798203
0.8099999999999999	1.0535801507204636
0.815	1.0522534539838964
0.82	1.0509676643250896
0.825	1.0497212717887683
0.83	1.048512831415002
0.835	1.047340960035377
0.84	1.046204333247666
0.845	1.0451016825579127
0.85	1.0440317926795248
0.855	1.0429934989798049
0.86	1.041985685064796
0.865	1.041007280494112
0.87	1.0400572586180148
0.875	1.039134634529291
0.88	1.0382384631232147
0.885	1.0373678372591504
0.89	1.0365218860179777
0.895	1.035699773049596
0.9	1.0349006950054527
0.905	1.0341238800511314
0.91	1.0333685864544604
0.915	1.0326341012448883
0.92	1.031919738940117
0.925	1.0312248403361164
0.93	1.0305487713572472
0.935	1.0298909219629022
0.9400000000000001	1.0292507051077235
0.9450000000000001	1.0286275557524376
0.9500000000000001	1.028020929922614
0.9550000000000001	1.0274303038126005
0.9600000000000001	1.0268551729324318
0.9650000000000001	1.0262950512952875
0.9700000000000001	1.0257494706433687
0.9750000000000001	1.0252179797102101
0.9800000000000001	1.0247001435175078
0.9850000000000001	1.0241955427046536
0.9900000000000001	1.023703772889225
0.9950000000000001	1.0232244440570792
1.	1.0227571799801438