0.2	1.703834172405863
0.20500000000000002	1.2496849204511866
0.21000000000000002	1.1566268200668461
0.21500000000000002	1.116559010593447
0.22	1.0942782086144256
0.225	1.0801093052105442
0.23	1.070316508451531
0.23500000000000001	1.0631522259563624
0.24000000000000002	1.0576897335745294
0.24500000000000002	1.0533918666972497
0.25	1.0499257986868245
0.255	1.047074322296463
0.26	1.0446896614678232
0.265	1.0426677868200382
0.27	1.0409333474099656
0.275	1.0394304292682959
0.28	1.0381166711471392
0.28500000000000003	1.0369593958275483
0.29000000000000004	1.0359329950077323
0.29500000000000004	1.035017118143142
0.30000000000000004	1.03419539093738
0.30500000000000005	1.0334544911722223
0.31000000000000005	1.032783470787533
0.31500000000000006	1.0321732509134183
0.32	1.0316162404749754
0.325	1.031106044471607
0.33	1.0306372382598237
0.335	1.0302051910503196
0.34	1.0298059265400006
0.34500000000000003	1.0294360118734247
0.35	1.0290924684363632
0.355	1.028772699633313
0.36	1.0284744319934507
0.365	1.0281956668219423
0.37	1.0279346402584788
0.375	1.027689790086415
0.38	1.0274597279987698
0.385	1.0272432163031355
0.39	1.0270391482589454
0.395	1.0268465314037654
0.4	1.0266644733522803
0.405	1.0264921696510925
0.41000000000000003	1.0263288933508745
0.41500000000000004	1.0261739860196115
0.42000000000000004	1.0260268499702963
0.42500000000000004	1.0258869415162648
0.43000000000000005	1.025753765099468
0.43500000000000005	1.0256268681630163
0.44	1.0255058366605447
0.445	1.0253902911122932
0.45	1.0252798831320697
0.455	1.0251742923610283
0.46	1.0250732237539648
0.465	1.0249764051719326
0.47	1.0248835852417706
0.475	1.0247945314488167
0.48000000000000004	1.0247090284338434
0.48500000000000004	1.024626876469288
0.49000000000000005	1.0245478900932707
0.49500000000000005	1.024471896882757
0.5	1.024398736349725
0.505	1.024328258946262
0.51	1.024260325166347
0.515	1.0241948047336058
0.52	1.02413157586565
0.525	1.024070524606782
0.53	1.0240115442218087
0.535	1.0239545346445962
0.54	1.0238994019757235
0.545	1.0238460580242543
0.55	1.0237944198892093
0.555	1.0237444095768178
0.56	1.0236959536500652
0.5650000000000001	1.0236489829074222
0.5700000000000001	1.023603432087995
0.5750000000000001	1.0235592396006141
0.5800000000000001	1.023516347274644
0.5850000000000001	1.023474700130538
0.5900000000000001	1.0234342461683428
0.5950000000000001	1.0233949361725607
0.6000000000000001	1.0233567235319216
0.6050000000000001	1.0233195640727717
0.6100000000000001	1.0232834159048998
0.6150000000000001	1.0232482392787472
0.6200000000000001	1.0232139964530405
0.6250000000000001	1.0231806515719808
0.6300000000000001	1.0231481705512027
0.6350000000000001	1.0231165209717883
0.64	1.0230856719816876
0.645	1.0230555942039534
0.65	1.0230262596512636
0.655	1.0229976416462148
0.66	1.0229697147469787
0.665	1.0229424546778747
0.67	1.0229158382645112
0.675	1.0228898433731417
0.6799999999999999	1.0228644488539274
0.6849999999999999	1.0228396344878186
0.69	1.0228153809367875
0.695	1.0227916696971773
0.7	1.022768483055944
0.705	1.022745804049578
0.71	1.0227236164255304
0.715	1.0227019046059564
0.72	1.0226806536536341
0.725	1.0226598492398935
0.73	1.0226394776144199
0.735	1.0226195255768304
0.74	1.022599980449868
0.745	1.0225808300541415
0.75	1.022562062684287
0.755	1.0225436670864738
0.76	1.0225256324371548
0.765	1.0225079483229984
0.77	1.0224906047219122
0.775	1.0224735919850994
0.78	1.0224569008200837
0.785	1.0224405222746287
0.79	1.0224244477215263
0.7949999999999999	1.0224086688441725
0.7999999999999999	1.0223931776228972
0.8049999999999999	1.0223779663220014
0.8099999999999999	1.0223630274774624
0.815	1.0223483538852562
0.82	1.0223339385902759
0.825	1.0223197748758186
0.8300000000000001	1.0223058562535505
0.8350000000000001	1.0222921764540347
0.8400000000000001	1.0222787294176585
0.8450000000000001	1.0222655092860415
0.8500000000000001	1.0222525103938367
0.8550000000000001	1.0222397272609602
0.8600000000000001	1.0222271545851183
0.865	1.02221478723478
0.87	1.0222026202423988
0.875	1.0221906487979997
0.88	1.022178868243043
0.885	1.0221672740645618
0.89	1.0221558618895905
0.895	1.0221446274798234
0.9000000000000001	1.0221335667265252
0.9050000000000001	1.022122675645661
0.9100000000000001	1.0221119503732428
0.9150000000000001	1.0221013871608966
0.9200000000000002	1.0220909823715938
0.9250000000000002	1.022080732475596
0.9300000000000002	1.0220706340465537
0.935	1.0220606837577841
0.9400000000000001	1.022050878378713
0.9450000000000001	1.0220412147714348
0.9500000000000001	1.0220316898874775
0.9550000000000001	1.022022300764625
0.9600000000000001	1.0220130445239346
0.9650000000000001	1.0220039183668523
0.97	1.0219949195724414
0.975	1.0219860454947347
0.98	1.0219772935601863
0.985	1.0219686612652357
0.99	1.0219601461739503
0.995	1.0219517459157825
1.	1.021943458183403